     -1126      0.066
     -1121      0.069
     -1116      0.068
     -1111      0.066
     -1106      0.066
     -1101      0.064
     -1096      0.063
     -1091      0.063
     -1086      0.063
     -1081      0.061
     -1076      0.059
     -1071      0.059
     -1066      0.059
     -1061      0.057
     -1056      0.057
     -1051      0.112
     -1046      0.200
     -1041      0.281
     -1036      0.305
     -1031      0.349
     -1026      0.408
     -1021      0.457
     -1016      0.507
     -1011      0.553
     -1006      0.593
     -1001      0.630
      -996      0.663
      -991      0.695
      -986      0.724
      -981      0.749
      -976      0.774
      -971      0.799
      -966      0.820
      -961      0.841
      -956      0.858
      -951      0.875
      -946      0.888
      -941      0.905
      -936      0.922
      -931      0.936
      -926      0.920
      -921      0.858
      -916      0.792
      -911      0.736
      -906      0.689
      -901      0.645
      -896      0.608
      -891      0.576
      -886      0.546
      -881      0.522
      -876      0.496
      -871      0.475
      -866      0.454
      -861      0.435
      -856      0.418
      -851      0.403
      -846      0.387
      -841      0.373
      -836      0.361
      -831      0.349
      -826      0.336
      -821      0.328
      -816      0.317
      -811      0.307
      -806      0.297
      -801      0.289
      -796      0.281
      -791      0.273
      -786      0.265
      -781      0.258
      -776      0.251
      -771      0.245
      -766      0.238
      -761      0.233
      -756      0.226
      -751      0.221
      -746      0.217
      -741      0.211
      -736      0.206
      -731      0.200
      -726      0.196
      -721      0.193
      -716      0.188
      -711      0.183
      -706      0.180
      -701      0.174
      -696      0.173
      -691      0.170
      -686      0.165
      -681      0.162
      -676      0.159
      -671      0.156
      -666      0.152
      -661      0.149
      -656      0.147
      -651      0.144
      -646      0.141
      -641      0.137
      -636      0.135
      -631      0.132
      -626      0.133
      -621      0.128
      -616      0.126
      -611      0.123
      -606      0.119
      -601      0.121
      -596      0.116
      -591      0.114
      -586      0.112
      -581      0.111
      -576      0.107
      -571      0.106
      -566      0.103
      -561      0.102
      -556      0.100
      -551      0.098
      -546      0.097
      -541      0.095
      -536      0.092
      -531      0.092
      -526      0.090
      -521      0.087
      -516      0.086
      -511      0.084
      -506      0.083
      -501      0.080
      -496      0.080
      -491      0.079
      -486      0.077
      -481      0.075
      -476      0.073
      -471      0.073
      -466      0.070
      -461      0.069
      -456      0.068
      -451      0.067
      -446      0.065
      -441      0.065
      -436      0.062
      -431      0.062
      -426      0.060
      -421      0.059
      -416      0.058
      -411      0.056
      -406      0.055
      -401      0.055
      -396      0.053
      -391      0.051
      -386      0.052
      -381      0.050
      -376      0.048
      -371      0.047
      -366      0.045
      -361      0.045
      -356      0.043
      -351      0.042
      -346      0.042
      -341      0.040
      -336      0.039
      -331      0.039
      -326      0.037
      -321      0.036
      -316      0.034
      -311      0.035
      -306      0.034
      -301      0.033
      -296      0.032
      -291      0.032
      -286      0.030
      -281      0.029
      -276      0.028
      -271      0.028
      -266      0.028
      -261      0.027
      -256      0.026
      -251      0.025
      -246      0.025
      -241      0.024
      -236      0.022
      -231      0.022
      -226      0.022
      -221      0.022
      -216      0.020
      -211      0.020
      -206      0.019
      -201      0.019
      -196      0.018
      -191      0.017
      -186      0.018
      -181      0.018
      -176      0.016
      -171      0.014
      -166      0.014
      -161      0.014
      -156      0.013
      -151      0.013
      -146      0.011
      -141      0.012
      -136      0.011
      -131      0.010
      -126      0.009
      -121      0.010
      -116      0.010
      -111      0.009
      -106      0.009
      -101      0.009
       -96      0.009
       -91      0.007
       -86      0.007
       -81      0.006
       -76      0.006
       -71      0.005
       -66      0.005
       -61      0.005
       -56      0.005
       -51      0.004
       -46      0.005
       -41      0.004
       -36      0.003
       -31      0.002
       -26      0.001
       -21      0.001
       -16      0.001
       -11      0.001
        -6      0.000
        -1      0.000
         4      0.001
         9      0.039
        14      0.118
        19      0.195
        24      0.264
        29      0.324
        34      0.376
        39      0.422
        44      0.465
        49      0.503
        54      0.538
        59      0.572
        64      0.603
        69      0.634
        74      0.660
        79      0.684
        84      0.708
        89      0.730
        94      0.751
        99      0.770
       104      0.789
       109      0.807
       114      0.823
       119      0.841
       124      0.856
       129      0.871
       134      0.886
       139      0.898
       144      0.911
       149      0.924
       154      0.935
       159      0.947
       164      0.959
       169      0.969
       174      0.979
       179      0.990
       184      1.000
       189      1.009
       194      1.016
       199      1.026
       204      1.035
       209      1.043
       214      1.050
       219      1.056
       224      1.066
       229      1.073
       234      1.080
       239      1.085
       244      1.093
       249      1.100
       254      1.107
       259      1.113
       264      1.120
       269      1.124
       274      1.129
       279      1.136
       284      1.140
       289      1.145
       294      1.152
       299      1.157
       304      1.162
       309      1.166
       314      1.168
       319      1.176
       324      1.180
       329      1.184
       334      1.188
       339      1.195
       344      1.200
       349      1.205
       354      1.211
       359      1.214
       364      1.223
       369      1.226
       374      1.230
       379      1.234
       384      1.239
       389      1.242
       394      1.247
       399      1.252
       404      1.254
       409      1.258
       414      1.263
       419      1.265
       424      1.269
       429      1.271
       434      1.276
       439      1.278
       444      1.282
       449      1.285
       454      1.286
       459      1.291
       464      1.293
       469      1.298
       474      1.295
       479      1.301
       484      1.305
       489      1.308
       494      1.310
       499      1.314
       504      1.316
       509      1.318
       514      1.322
       519      1.323
       524      1.327
       529      1.328
       534      1.331
       539      1.334
       544      1.335
       549      1.339
       554      1.341
       559      1.343
       564      1.344
       569      1.347
       574      1.349
       579      1.351
       584      1.353
       589      1.356
       594      1.356
       599      1.360
       604      1.362
       609      1.363
       614      1.366
       619      1.367
       624      1.369
       629      1.371
       634      1.373
       639      1.375
       644      1.377
       649      1.379
       654      1.381
       659      1.382
       664      1.384
       669      1.387
       674      1.388
       679      1.389
       684      1.388
       689      1.392
       694      1.395
       699      1.396
       704      1.398
       709      1.399
       714      1.400
       719      1.401
       724      1.403
       729      1.405
       734      1.408
       739      1.409
       744      1.409
       749      1.412
       754      1.412
       759      1.414
       764      1.415
       769      1.417
       774      1.418
       779      1.418
       784      1.420
       789      1.423
       794      1.422
       799      1.424
       804      1.426
       809      1.427
       814      1.429
       819      1.429
       824      1.432
       829      1.431
       834      1.433
       839      1.432
       844      1.435
       849      1.435
       854      1.436
       859      1.439
       864      1.438
       869      1.440
       874      1.442
       879      1.441
       884      1.442
       889      1.443
       894      1.446
       899      1.445
       904      1.445
       909      1.446
       914      1.448
       919      1.448
       924      1.449
       929      1.450
       934      1.450
       939      1.451
       944      1.452
       949      1.454
       954      1.454
       959      1.455
       964      1.456
       969      1.457
       974      1.456
       979      1.457
       984      1.460
       989      1.460
       994      1.460
       999      1.461
      1004      1.462
      1009      1.462
      1014      1.463
      1019      1.463
      1024      1.463
      1029      1.465
      1034      1.465
      1039      1.465
      1044      1.465
      1049      1.467
      1054      1.468
      1059      1.468
      1064      1.469
      1069      1.468
      1074      1.470
      1079      1.470
      1084      1.471
      1089      1.471
      1094      1.472
      1099      1.472
      1104      1.472
      1109      1.472
      1114      1.474
      1119      1.474
      1124      1.474
      1129      1.477
      1134      1.475
      1139      1.476
      1144      1.477
      1149      1.478
      1154      1.478
      1159      1.479
      1164      1.479
      1169      1.479
      1174      1.479
      1179      1.481
      1184      1.481
      1189      1.481
      1194      1.481
      1199      1.481
      1204      1.483
      1209      1.483
      1214      1.483
      1219      1.483
      1224      1.483
      1229      1.485
      1234      1.485
      1239      1.483
      1244      1.486
      1249      1.487
      1254      1.485
      1259      1.488
      1264      1.490
      1269      1.489
      1274      1.490
      1279      1.490
      1284      1.490
      1289      1.492
      1294      1.492
      1299      1.492
      1304      1.492
      1309      1.493
      1314      1.494
      1319      1.494
      1324      1.495
      1329      1.496
      1334      1.497
      1339      1.497
      1344      1.497
      1349      1.497
      1354      1.497
      1359      1.499
      1364      1.497
      1369      1.499
      1374      1.499
      1379      1.501
      1384      1.501
      1389      1.502
      1394      1.503
      1399      1.502
      1404      1.503
      1409      1.504
      1414      1.504
      1419      1.504
      1424      1.504
      1429      1.506
      1434      1.506
      1439      1.507
      1444      1.508
      1449      1.508
      1454      1.508
      1459      1.509
      1464      1.509
      1469      1.509
      1474      1.511
      1479      1.509
      1484      1.511
      1489      1.512
      1494      1.512
      1499      1.512
      1504      1.514
      1509      1.513
      1514      1.514
      1519      1.513
      1524      1.514
      1529      1.515
      1534      1.516
      1539      1.515
      1544      1.516
      1549      1.515
      1554      1.516
      1559      1.516
      1564      1.516
      1569      1.516
      1574      1.517
      1579      1.518
      1584      1.516
      1589      1.515
      1594      1.519
      1599      1.518
      1604      1.519
      1609      1.519
      1614      1.519
      1619      1.519
      1624      1.520
      1629      1.520
      1634      1.520
      1639      1.520
      1644      1.519
      1649      1.520
      1654      1.521
      1659      1.520
      1664      1.521
      1669      1.520
      1674      1.520
      1679      1.522
      1684      1.520
      1689      1.520
      1694      1.519
      1699      1.520
      1704      1.519
      1709      1.519
      1714      1.519
      1719      1.519
      1724      1.521
      1729      1.519
      1734      1.520
      1739      1.518
      1744      1.519
      1749      1.518
      1754      1.520
      1759      1.520
      1764      1.519
      1769      1.519
      1774      1.520
      1779      1.520
      1784      1.521
      1789      1.519
      1794      1.521
      1799      1.520
      1804      1.519
      1809      1.520
      1814      1.520
      1819      1.519
      1824      1.521
      1829      1.519
      1834      1.520
      1839      1.520
      1844      1.521
      1849      1.519
      1854      1.518
      1859      1.520
      1864      1.520
      1869      1.521
      1874      1.519
      1879      1.520
      1884      1.521
      1889      1.520
      1894      1.520
      1899      1.520
      1904      1.522
      1909      1.520
      1914      1.519
      1919      1.519
      1924      1.518
      1929      1.520
      1934      1.520
      1939      1.520
      1944      1.519
      1949      1.520
      1954      1.521
      1959      1.520
      1964      1.520
      1969      1.520
      1974      1.520
      1979      1.521
      1984      1.521
      1989      1.521
      1994      1.520
      1999      1.519
      2004      1.523
      2009      1.521
      2014      1.519
      2019      1.519
      2024      1.522
      2029      1.523
      2034      1.523
      2039      1.523
      2044      1.522
      2049      1.523
      2054      1.524
      2059      1.524
      2064      1.523
      2069      1.522
      2074      1.523
      2079      1.524
      2084      1.523
      2089      1.525
      2094      1.525
      2099      1.525
      2104      1.525
      2109      1.526
      2114      1.525
      2119      1.527
      2124      1.526
      2129      1.526
      2134      1.524
      2139      1.524
      2144      1.526
      2149      1.527
      2154      1.525
      2159      1.525
      2164      1.526
      2169      1.526
      2174      1.525
      2179      1.528
      2184      1.527
      2189      1.527
      2194      1.528
      2199      1.526
      2204      1.528
      2209      1.529
      2214      1.529
      2219      1.529
      2224      1.530
      2229      1.530
      2234      1.527
      2239      1.528
      2244      1.528
      2249      1.530
      2254      1.529
      2259      1.530
      2264      1.530
      2269      1.531
      2274      1.528
      2279      1.530
      2284      1.529
      2289      1.530
      2294      1.532
      2299      1.530
      2304      1.531
      2309      1.530
      2314      1.531
      2319      1.531
      2324      1.531
      2329      1.531
      2334      1.531
      2339      1.531
      2344      1.530
      2349      1.531
      2354      1.527
      2359      1.530
      2364      1.530
      2369      1.528
      2374      1.530
      2379      1.528
      2384      1.530
      2389      1.529
      2394      1.529
      2399      1.528
      2404      1.525
      2409      1.527
      2414      1.526
      2419      1.528
      2424      1.528
      2429      1.529
      2434      1.528
      2439      1.526
      2444      1.527
      2449      1.528
      2454      1.526
      2459      1.528
      2464      1.527
      2469      1.526
      2474      1.524
      2479      1.525
      2484      1.524
      2489      1.525
      2494      1.525
      2499      1.525
      2504      1.523
      2509      1.522
      2514      1.524
      2519      1.524
      2524      1.523
      2529      1.524
      2534      1.524
      2539      1.523
      2544      1.523
      2549      1.522
      2554      1.521
      2559      1.521
      2564      1.522
      2569      1.520
      2574      1.520
      2579      1.521
      2584      1.521
      2589      1.520
      2594      1.519
      2599      1.519
      2604      1.519
      2609      1.518
      2614      1.519
      2619      1.519
      2624      1.519
      2629      1.517
      2634      1.518
      2639      1.517
      2644      1.518
      2649      1.515
      2654      1.515
      2659      1.516
      2664      1.514
      2669      1.515
      2674      1.514
      2679      1.513
      2684      1.516
      2689      1.515
      2694      1.515
      2699      1.513
      2704      1.515
      2709      1.513
      2714      1.513
      2719      1.514
      2724      1.514
      2729      1.513
      2734      1.512
      2739      1.512
      2744      1.514
      2749      1.513
      2754      1.513
      2759      1.514
      2764      1.513
      2769      1.513
      2774      1.510
      2779      1.512
      2784      1.512
      2789      1.510
      2794      1.511
      2799      1.511
      2804      1.511
      2809      1.509
      2814      1.509
      2819      1.509
      2824      1.510
      2829      1.509
      2834      1.510
      2839      1.511
      2844      1.511
      2849      1.511
      2854      1.511
      2859      1.511
      2864      1.510
      2869      1.508
      2874      1.511
      2879      1.508
      2884      1.509
      2889      1.509
      2894      1.507
      2899      1.506
      2904      1.506
      2909      1.507
      2914      1.511
      2919      1.508
      2924      1.509
      2929      1.506
      2934      1.509
      2939      1.505
      2944      1.506
      2949      1.508
      2954      1.507
      2959      1.508
      2964      1.508
      2969      1.506
      2974      1.505
      2979      1.507
      2984      1.507
      2989      1.505
      2994      1.506
      2999      1.506
      3004      1.505
      3009      1.506
      3014      1.501
      3019      1.502
      3024      1.499
      3029      1.501
      3034      1.503
      3039      1.498
      3044      1.499
      3049      1.502
      3054      1.499
      3059      1.500
      3064      1.502
      3069      1.497
      3074      1.501
      3079      1.501
      3084      1.496
      3089      1.500
      3094      1.498
      3099      1.497
      3104      1.498
      3109      1.493
      3114      1.497
      3119      1.497
      3124      1.494
      3129      1.494
      3134      1.491
      3139      1.494
      3144      1.489
      3149      1.494
      3154      1.489
      3159      1.488
      3164      1.490
      3169      1.490
      3174      1.490
      3179      1.488
      3184      1.489
      3189      1.488
      3194      1.489
      3199      1.489
      3204      1.488
      3209      1.485
      3214      1.483
      3219      1.487
      3224      1.483
      3229      1.480
      3234      1.489
      3239      1.487
      3244      1.493
      3249      1.486
      3254      1.480
      3259      1.484
      3264      1.483
      3269      1.475
      3274      1.480
      3279      1.480
      3284      1.479
      3289      1.478
      3294      1.479
      3299      1.479
      3304      1.476
      3309      1.475
      3314      1.479
      3319      1.476
      3324      1.474
      3329      1.473
      3334      1.474
      3339      1.473
      3344      1.475
      3349      1.473
      3354      1.474
      3359      1.477
      3364      1.475
      3369      1.472
      3374      1.466
      3379      1.473
      3384      1.470
      3389      1.471
      3394      1.470
      3399      1.471
      3404      1.470
      3409      1.471
      3414      1.467
      3419      1.471
      3424      1.472
      3429      1.470
      3434      1.468
      3439      1.468
      3444      1.470
      3449      1.468
      3454      1.468
      3459      1.469
      3464      1.468
      3469      1.467
      3474      1.467
      3479      1.468
      3484      1.468
      3489      1.468
      3494      1.466
      3499      1.468
      3504      1.469
      3509      1.470
      3514      1.468
      3519      1.467
      3524      1.468
      3529      1.467
      3534      1.469
      3539      1.469
      3544      1.468
      3549      1.466
      3554      1.467
      3559      1.466
      3564      1.467
      3569      1.467
      3574      1.467
      3579      1.466
      3584      1.468
      3589      1.466
      3594      1.467
      3599      1.467
      3604      1.468
      3609      1.468
      3614      1.469
      3619      1.466
      3624      1.469
      3629      1.468
      3634      1.468
      3639      1.469
      3644      1.467
      3649      1.470
      3654      1.470
      3659      1.469
      3664      1.469
      3669      1.470
      3674      1.468
      3679      1.467
      3684      1.467
      3689      1.468
      3694      1.468
      3699      1.467
      3704      1.468
      3709      1.468
      3714      1.467
      3719      1.469
      3724      1.469
      3729      1.467
      3734      1.467
      3739      1.469
      3744      1.469
      3749      1.468
      3754      1.467
      3759      1.466
      3764      1.467
      3769      1.468
      3774      1.468
      3779      1.469
      3784      1.467
      3789      1.466
      3794      1.464
      3799      1.466
      3804      1.465
      3809      1.466
      3814      1.466
      3819      1.465
      3824      1.466
      3829      1.464
      3834      1.464
      3839      1.465
      3844      1.463
      3849      1.463
      3854      1.464
      3859      1.463
      3864      1.464
      3869      1.465
      3874      1.464
      3879      1.461
      3884      1.464
      3889      1.463
      3894      1.462
      3899      1.463
      3904      1.460
      3909      1.460
      3914      1.459
      3919      1.459
      3924      1.458
      3929      1.458
      3934      1.459
      3939      1.458
      3944      1.458
      3949      1.458
      3954      1.460
      3959      1.458
      3964      1.457
      3969      1.456
      3974      1.456
      3979      1.455
      3984      1.457
      3989      1.455
      3994      1.455
      3999      1.454
      4004      1.455
      4009      1.456
      4014      1.455
      4019      1.453
      4024      1.452
      4029      1.453
      4034      1.453
      4039      1.454
      4044      1.454
      4049      1.451
      4054      1.453
      4059      1.453
      4064      1.453
      4069      1.451
      4074      1.449
      4079      1.450
      4084      1.452
      4089      1.451
      4094      1.452
      4099      1.450
      4104      1.449
      4109      1.448
      4114      1.448
      4119      1.450
      4124      1.449
      4129      1.447
      4134      1.448
      4139      1.448
      4144      1.449
      4149      1.447
      4154      1.449
      4159      1.447
      4164      1.447
      4169      1.447
      4174      1.447
      4179      1.447
      4184      1.449
      4189      1.448
      4194      1.447
      4199      1.446
      4204      1.446
      4209      1.446
      4214      1.445
      4219      1.445
      4224      1.443
      4229      1.444
      4234      1.445
      4239      1.443
      4244      1.443
      4249      1.443
      4254      1.443
      4259      1.443
      4264      1.444
      4269      1.443
      4274      1.445
      4279      1.445
      4284      1.445
      4289      1.446
      4294      1.444
      4299      1.445
      4304      1.443
      4309      1.446
      4314      1.444
      4319      1.445
      4324      1.443
      4329      1.389
      4334      1.309
      4339      1.238
      4344      1.174
      4349      1.118
      4354      1.071
      4359      1.027
      4364      0.985
      4369      0.948
      4374      0.915
      4379      0.885
      4384      0.854
      4389      0.827
      4394      0.801
      4399      0.779
      4404      0.757
      4409      0.734
      4414      0.714
      4419      0.694
      4424      0.675
      4429      0.657
      4434      0.640
      4439      0.627
      4444      0.609
      4449      0.596
      4454      0.580
      4459      0.566
      4464      0.553
      4469      0.540
      4474      0.527
      4479      0.517
      4484      0.504
      4489      0.493
      4494      0.483
      4499      0.472
      4504      0.462
      4509      0.453
      4514      0.444
      4519      0.436
      4524      0.427
      4529      0.416
      4534      0.410
      4539      0.400
      4544      0.391
      4549      0.385
      4554      0.378
      4559      0.367
      4564      0.361
      4569      0.355
      4574      0.346
      4579      0.339
      4584      0.333
      4589      0.325
      4594      0.318
      4599      0.312
      4604      0.306
      4609      0.300
      4614      0.294
      4619      0.289
      4624      0.283
      4629      0.277
      4634      0.270
      4639      0.269
      4644      0.261
      4649      0.258
      4654      0.250
      4659      0.246
      4664      0.242
      4669      0.234
      4674      0.231
      4679      0.226
      4684      0.224
      4689      0.217
      4694      0.211
      4699      0.207
      4704      0.202
      4709      0.200
      4714      0.194
      4719      0.190
      4724      0.186
      4729      0.182
      4734      0.177
      4739      0.174
      4744      0.173
      4749      0.170
      4754      0.160
      4759      0.163
      4764      0.157
      4769      0.154
      4774      0.152
      4779      0.147
      4784      0.142
      4789      0.139
      4794      0.137
      4799      0.135
      4804      0.130
      4809      0.127
      4814      0.123
      4819      0.120
      4824      0.117
      4829      0.115
      4834      0.113
      4839      0.111
      4844      0.107
      4849      0.105
      4854      0.103
      4859      0.100
      4864      0.098
      4869      0.095
      4874      0.094
      4879      0.091
      4884      0.086
      4889      0.085
      4894      0.083
      4899      0.079
      4904      0.077
      4909      0.078
      4914      0.073
      4919      0.071
      4924      0.071
      4929      0.069
      4934      0.063
      4939      0.062
      4944      0.061
      4949      0.059
      4954      0.058
      4959      0.056
      4964      0.052
      4969      0.051
      4974      0.049
      4979      0.048
      4984      0.045
      4989      0.044
      4994      0.042
      4999      0.043
      5004      0.039
      5009      0.037
      5014      0.035
      5019      0.036
      5024      0.031
      5029      0.032
      5034      0.032
      5039      0.030
      5044      0.027
      5049      0.025
      5054      0.023
      5059      0.021
      5064      0.020
      5069      0.018
      5074      0.017
      5079      0.017
      5084      0.015
      5089      0.014
      5094      0.012
      5099      0.012
      5104      0.010
      5109      0.008
      5114      0.007
      5119      0.008
      5124      0.006
      5129      0.004
      5134      0.002
      5139      0.001
      5144      0.000
      5149      0.000
      5154     -0.003
      5159     -0.003
      5164     -0.005
      5169     -0.007
      5174     -0.007
      5179     -0.009
      5184     -0.009
      5189     -0.011
      5194     -0.011
      5199     -0.013
      5204     -0.014
      5209     -0.016
      5214     -0.015
      5219     -0.017
      5224     -0.018
      5229     -0.019
      5234     -0.020
      5239     -0.023
      5244     -0.021
      5249     -0.024
      5254     -0.023
      5259     -0.027
      5264     -0.024
      5269     -0.028
      5274     -0.029
      5279     -0.031
      5284     -0.031
      5289     -0.031
      5294     -0.033
      5299     -0.034
      5304     -0.035
      5309     -0.036
      5314     -0.036
      5319     -0.040
      5324     -0.037
      5329     -0.040
      5334     -0.042
      5339     -0.042
      5344     -0.044
      5349     -0.044
      5354     -0.045
      5359     -0.046
      5364     -0.048
      5369     -0.047
      5374     -0.050
      5379     -0.052
      5384     -0.050
      5389     -0.053
      5394     -0.054
      5399     -0.055
      5404     -0.057
      5409     -0.058
      5414     -0.058
      5419     -0.059
      5424     -0.060
      5429     -0.061
      5434     -0.062
      5439     -0.063
      5444     -0.064
      5449     -0.063
      5454     -0.066
      5459     -0.067
      5464     -0.069
      5469     -0.069
      5474     -0.069
      5479     -0.070
      5484     -0.072
      5489     -0.073
      5494     -0.074
      5499     -0.074
      5504     -0.075
      5509     -0.075
      5514     -0.076
      5519     -0.077
      5524     -0.078
      5529     -0.079
      5534     -0.078
      5539     -0.079
      5544     -0.082
      5549     -0.081
      5554     -0.080
      5559     -0.079
      5564     -0.084
      5569     -0.083
      5574     -0.084
      5579     -0.086
      5584     -0.087
      5589     -0.085
      5594     -0.088
      5599     -0.089
      5604     -0.089
      5609     -0.090
      5614     -0.091
      5619     -0.091
      5624     -0.091
      5629     -0.091
      5634     -0.091
      5639     -0.093
      5644     -0.093
      5649     -0.094
      5654     -0.095
      5659     -0.096
      5664     -0.096
      5669     -0.095
      5674     -0.096
      5679     -0.095
      5684     -0.094
      5689     -0.098
      5694     -0.097
      5699     -0.098
      5704     -0.097
      5709     -0.097
      5714     -0.099
      5719     -0.100
      5724     -0.097
      5729     -0.100
      5734     -0.102
      5739     -0.101
      5744     -0.101
      5749     -0.101
      5754     -0.103
      5759     -0.102
      5764     -0.102
      5769     -0.104
      5774     -0.103
      5779     -0.102
      5784     -0.104
