  2.0010000e+003  1.0000000e+001  1.0000000e+000  1.2797151e+001  1.6464624e+000
  2.0010000e+003  1.0000000e+001  2.0000000e+000  2.9074590e-001  1.9291827e+000
  2.0010000e+003  1.0000000e+001  3.0000000e+000  2.2964954e+001  1.5620042e+000
  2.0010000e+003  1.0000000e+001  4.0000000e+000  0.0000000e+000  1.2783644e+000
  2.0010000e+003  1.0000000e+001  5.0000000e+000  1.1281161e-002  1.1949777e+000
  2.0010000e+003  1.0000000e+001  6.0000000e+000  1.2485150e+001  1.4623818e+000
  2.0010000e+003  1.0000000e+001  7.0000000e+000  8.5931682e-002  1.4252444e+000
  2.0010000e+003  1.0000000e+001  8.0000000e+000  2.7718768e+000  1.2632493e+000
  2.0010000e+003  1.0000000e+001  9.0000000e+000  0.0000000e+000  1.2388363e+000
  2.0010000e+003  1.0000000e+001  1.0000000e+001  7.1737929e-002  1.1009385e+000
  2.0010000e+003  1.0000000e+001  1.1000000e+001  2.9247002e-002  1.0689973e+000
  2.0010000e+003  1.0000000e+001  1.2000000e+001  1.2409909e-001  1.0644378e+000
  2.0010000e+003  1.0000000e+001  1.3000000e+001  1.3372475e-001  1.1818395e+000
  2.0010000e+003  1.0000000e+001  1.4000000e+001  7.9866322e-001  1.2251895e+000
  2.0010000e+003  1.0000000e+001  1.5000000e+001  2.0849045e-001  1.2057057e+000
  2.0010000e+003  1.0000000e+001  1.6000000e+001  6.3460476e-002  1.1922067e+000
  2.0010000e+003  1.0000000e+001  1.7000000e+001  1.6027138e-002  1.1374898e+000
  2.0010000e+003  1.0000000e+001  1.8000000e+001  3.5993196e+000  1.0892076e+000
  2.0010000e+003  1.0000000e+001  1.9000000e+001  4.1267947e-001  1.0580161e+000
  2.0010000e+003  1.0000000e+001  2.0000000e+001  6.9758520e-001  1.0095839e+000
  2.0010000e+003  1.0000000e+001  2.1000000e+001  5.2051830e-001  1.0469659e+000
  2.0010000e+003  1.0000000e+001  2.2000000e+001  1.2158331e-001  1.0443275e+000
  2.0010000e+003  1.0000000e+001  2.3000000e+001  7.6299961e+000  9.7569118e-001
  2.0010000e+003  1.0000000e+001  2.4000000e+001  4.0420050e+000  9.7364900e-001
  2.0010000e+003  1.0000000e+001  2.5000000e+001  1.6836999e+000  9.9088953e-001
  2.0010000e+003  1.0000000e+001  2.6000000e+001  5.9597665e-002  9.7587592e-001
  2.0010000e+003  1.0000000e+001  2.7000000e+001  2.1013159e+000  9.5412987e-001
  2.0010000e+003  1.0000000e+001  2.8000000e+001  1.0748462e-001  9.8035677e-001
  2.0010000e+003  1.0000000e+001  2.9000000e+001  2.7591512e-002  9.2284911e-001
  2.0010000e+003  1.0000000e+001  3.0000000e+001  1.7989666e-001  9.8212315e-001
  2.0010000e+003  1.0000000e+001  3.1000000e+001  3.8315411e+000  8.3063853e-001
  2.0010000e+003  1.1000000e+001  1.0000000e+000  2.2443712e-001  6.1905802e-001
  2.0010000e+003  1.1000000e+001  2.0000000e+000  2.2644486e-001  5.1653364e-001
  2.0010000e+003  1.1000000e+001  3.0000000e+000  1.9892750e-001  5.1064928e-001
  2.0010000e+003  1.1000000e+001  4.0000000e+000  2.0596048e-001  5.3995229e-001
  2.0010000e+003  1.1000000e+001  5.0000000e+000  2.8143342e-001  5.6213994e-001
  2.0010000e+003  1.1000000e+001  6.0000000e+000  2.9869328e+000  5.5949797e-001
  2.0010000e+003  1.1000000e+001  7.0000000e+000  9.1994308e+000  7.0450572e-001
  2.0010000e+003  1.1000000e+001  8.0000000e+000  2.5095248e+001  6.1060861e-001
  2.0010000e+003  1.1000000e+001  9.0000000e+000  1.0334905e+000  4.3995656e-001
  2.0010000e+003  1.1000000e+001  1.0000000e+001  1.2939808e-002  3.1837513e-001
  2.0010000e+003  1.1000000e+001  1.1000000e+001  2.2073210e-003  3.3277938e-001
  2.0010000e+003  1.1000000e+001  1.2000000e+001  2.3631907e+000  4.8903794e-001
  2.0010000e+003  1.1000000e+001  1.3000000e+001  1.0824941e+000  5.0909358e-001
  2.0010000e+003  1.1000000e+001  1.4000000e+001  9.3250237e-002  4.3294332e-001
  2.0010000e+003  1.1000000e+001  1.5000000e+001  2.7591510e-003  3.1074879e-001
  2.0010000e+003  1.1000000e+001  1.6000000e+001  3.3280215e-002  3.5193946e-001
  2.0010000e+003  1.1000000e+001  1.7000000e+001  3.3843484e-002  4.1449086e-001
  2.0010000e+003  1.1000000e+001  1.8000000e+001  1.1281161e-002  3.9676359e-001
  2.0010000e+003  1.1000000e+001  1.9000000e+001  0.0000000e+000  4.1389152e-001
  2.0010000e+003  1.1000000e+001  2.0000000e+001  0.0000000e+000  4.7371523e-001
  2.0010000e+003  1.1000000e+001  2.1000000e+001  0.0000000e+000  4.6996365e-001
  2.0010000e+003  1.1000000e+001  2.2000000e+001  9.3367478e+000  4.5933106e-001
  2.0010000e+003  1.1000000e+001  2.3000000e+001  9.8636557e-001  3.7820478e-001
  2.0010000e+003  1.1000000e+001  2.4000000e+001  2.9237050e+000  4.0863416e-001
  2.0010000e+003  1.1000000e+001  2.5000000e+001  1.5996079e+000  5.0705201e-001
  2.0010000e+003  1.1000000e+001  2.6000000e+001  7.9905925e+000  5.1401403e-001
  2.0010000e+003  1.1000000e+001  2.7000000e+001  6.7537985e-001  4.2966819e-001
  2.0010000e+003  1.1000000e+001  2.8000000e+001  3.6515707e+000  4.3620247e-001
  2.0010000e+003  1.1000000e+001  2.9000000e+001  9.0468500e+000  4.4251947e-001
  2.0010000e+003  1.1000000e+001  3.0000000e+001  8.3112693e+000  5.6936042e-001
  2.0010000e+003  1.2000000e+001  1.0000000e+000  1.0679165e+000  6.1734809e-001
  2.0010000e+003  1.2000000e+001  2.0000000e+000  7.4583346e-001  5.5718319e-001
  2.0010000e+003  1.2000000e+001  3.0000000e+000  8.4459096e-001  5.4242115e-001
  2.0010000e+003  1.2000000e+001  4.0000000e+000  1.0146067e+001  5.1270582e-001
  2.0010000e+003  1.2000000e+001  5.0000000e+000  5.6867158e+000  4.6298962e-001
  2.0010000e+003  1.2000000e+001  6.0000000e+000  3.3761597e-001  4.6010790e-001
  2.0010000e+003  1.2000000e+001  7.0000000e+000  0.0000000e+000  3.1276433e-001
  2.0010000e+003  1.2000000e+001  8.0000000e+000  1.1281161e-002  2.9502181e-001
  2.0010000e+003  1.2000000e+001  9.0000000e+000  0.0000000e+000  2.5242489e-001
  2.0010000e+003  1.2000000e+001  1.0000000e+001  1.1281161e-002  2.3410741e-001
  2.0010000e+003  1.2000000e+001  1.1000000e+001  0.0000000e+000  2.4931178e-001
  2.0010000e+003  1.2000000e+001  1.2000000e+001  1.6554910e-003  3.2817816e-001
  2.0010000e+003  1.2000000e+001  1.3000000e+001  1.8908568e-002  3.1761753e-001
  2.0010000e+003  1.2000000e+001  1.4000000e+001  0.0000000e+000  1.9828219e-001
  2.0010000e+003  1.2000000e+001  1.5000000e+001  0.0000000e+000  2.2483222e-001
  2.0010000e+003  1.2000000e+001  1.6000000e+001  1.1281161e-002  2.3455916e-001
  2.0010000e+003  1.2000000e+001  1.7000000e+001  1.3193515e-001  2.1833711e-001
  2.0010000e+003  1.2000000e+001  1.8000000e+001  0.0000000e+000  2.9475580e-001
  2.0010000e+003  1.2000000e+001  1.9000000e+001  3.9453140e-001  3.0969627e-001
  2.0010000e+003  1.2000000e+001  2.0000000e+001  7.2593484e-001  2.5656480e-001
  2.0010000e+003  1.2000000e+001  2.1000000e+001  2.9594024e+000  2.6379771e-001
  2.0010000e+003  1.2000000e+001  2.2000000e+001  3.7855601e+000  2.9699349e-001
  2.0010000e+003  1.2000000e+001  2.3000000e+001  1.6027138e-002  1.9598457e-001
  2.0010000e+003  1.2000000e+001  2.4000000e+001  1.8105822e+000  1.9106517e-001
  2.0010000e+003  1.2000000e+001  2.5000000e+001  1.0876787e+001  3.2511930e-001
  2.0010000e+003  1.2000000e+001  2.6000000e+001  1.0690991e-001  2.9171713e-001
  2.0010000e+003  1.2000000e+001  2.7000000e+001  6.5357167e+000  2.6608098e-001
  2.0010000e+003  1.2000000e+001  2.8000000e+001  7.3504986e+000  3.6629106e-001
  2.0010000e+003  1.2000000e+001  2.9000000e+001  1.4396433e+001  3.0475688e-001
  2.0010000e+003  1.2000000e+001  3.0000000e+001  1.3788616e-001  2.7017884e-001
  2.0010000e+003  1.2000000e+001  3.1000000e+001  3.0920460e+000  2.2093402e-001
  2.0020000e+003  1.0000000e+000  1.0000000e+000  6.3836384e-001  2.3837206e-001
  2.0020000e+003  1.0000000e+000  2.0000000e+000  1.6554910e-003  1.4386239e-001
  2.0020000e+003  1.0000000e+000  3.0000000e+000  6.4678133e-002  1.9441347e-001
  2.0020000e+003  1.0000000e+000  4.0000000e+000  1.2939808e-002  1.3412329e-001
  2.0020000e+003  1.0000000e+000  5.0000000e+000  2.8963790e-002  1.2710048e-001
  2.0020000e+003  1.0000000e+000  6.0000000e+000  5.3927107e-002  1.7321999e-001
  2.0020000e+003  1.0000000e+000  7.0000000e+000  7.8374883e-002  2.9971694e-001
  2.0020000e+003  1.0000000e+000  8.0000000e+000  0.0000000e+000  2.9560479e-001
  2.0020000e+003  1.0000000e+000  9.0000000e+000  0.0000000e+000  2.1368687e-001
  2.0020000e+003  1.0000000e+000  1.0000000e+001  0.0000000e+000  2.1049591e-001
  2.0020000e+003  1.0000000e+000  1.1000000e+001  5.7662275e-001  2.7625416e-001
  2.0020000e+003  1.0000000e+000  1.2000000e+001  0.0000000e+000  3.1819438e-001
  2.0020000e+003  1.0000000e+000  1.3000000e+001  0.0000000e+000  2.8928853e-001
  2.0020000e+003  1.0000000e+000  1.4000000e+001  0.0000000e+000  2.4909076e-001
  2.0020000e+003  1.0000000e+000  1.5000000e+001  4.5264338e+000  2.9608378e-001
  2.0020000e+003  1.0000000e+000  1.6000000e+001  5.1321837e+000  3.3630014e-001
  2.0020000e+003  1.0000000e+000  1.7000000e+001  7.8048754e-001  3.5095553e-001
  2.0020000e+003  1.0000000e+000  1.8000000e+001  1.5002485e-001  3.6283409e-001
  2.0020000e+003  1.0000000e+000  1.9000000e+001  6.6434333e+000  3.9414844e-001
  2.0020000e+003  1.0000000e+000  2.0000000e+001  4.9225036e+000  4.2986853e-001
  2.0020000e+003  1.0000000e+000  2.1000000e+001  4.4352161e-001  5.4617823e-001
  2.0020000e+003  1.0000000e+000  2.2000000e+001  1.2056031e+000  4.4383687e-001
  2.0020000e+003  1.0000000e+000  2.3000000e+001  9.2769273e+000  5.2316173e-001
  2.0020000e+003  1.0000000e+000  2.4000000e+001  6.2841133e+000  6.0069617e-001
  2.0020000e+003  1.0000000e+000  2.5000000e+001  2.3332680e+000  4.9902308e-001
  2.0020000e+003  1.0000000e+000  2.6000000e+001  6.1379284e+000  6.5775265e-001
  2.0020000e+003  1.0000000e+000  2.7000000e+001  2.2915826e+001  7.5934232e-001
  2.0020000e+003  1.0000000e+000  2.8000000e+001  4.6714819e+000  7.3610436e-001
  2.0020000e+003  1.0000000e+000  2.9000000e+001  3.5502130e-002  6.0930903e-001
  2.0020000e+003  1.0000000e+000  3.0000000e+001  1.1281161e-002  6.6183665e-001
  2.0020000e+003  1.0000000e+000  3.1000000e+001  5.6358867e-002  6.2926941e-001
  2.0020000e+003  2.0000000e+000  1.0000000e+000  1.9094296e+000  6.8009401e-001
  2.0020000e+003  2.0000000e+000  2.0000000e+000  1.1281161e-002  6.0496094e-001
  2.0020000e+003  2.0000000e+000  3.0000000e+000  3.7899968e-002  5.4943870e-001
  2.0020000e+003  2.0000000e+000  4.0000000e+000  3.5541180e-001  7.2086387e-001
  2.0020000e+003  2.0000000e+000  5.0000000e+000  1.1481741e+001  7.6123321e-001
  2.0020000e+003  2.0000000e+000  6.0000000e+000  1.3155258e+000  6.2202985e-001
  2.0020000e+003  2.0000000e+000  7.0000000e+000  1.0378866e+000  5.6656445e-001
  2.0020000e+003  2.0000000e+000  8.0000000e+000  3.7090281e+000  6.6338456e-001
  2.0020000e+003  2.0000000e+000  9.0000000e+000  2.2110908e+001  7.9602458e-001
  2.0020000e+003  2.0000000e+000  1.0000000e+001  9.2799972e+000  6.4228477e-001
  2.0020000e+003  2.0000000e+000  1.1000000e+001  6.1842419e+000  7.9637713e-001
  2.0020000e+003  2.0000000e+000  1.2000000e+001  1.0000350e+001  8.9629141e-001
  2.0020000e+003  2.0000000e+000  1.3000000e+001  1.6509641e+001  7.6255089e-001
  2.0020000e+003  2.0000000e+000  1.4000000e+001  3.8464429e+000  6.0070029e-001
  2.0020000e+003  2.0000000e+000  1.5000000e+001  0.0000000e+000  4.7918155e-001
  2.0020000e+003  2.0000000e+000  1.6000000e+001  0.0000000e+000  4.7343195e-001
  2.0020000e+003  2.0000000e+000  1.7000000e+001  2.2562322e-002  4.6023953e-001
  2.0020000e+003  2.0000000e+000  1.8000000e+001  2.2722811e+000  4.9437323e-001
  2.0020000e+003  2.0000000e+000  1.9000000e+001  5.4522862e+000  5.8441767e-001
  2.0020000e+003  2.0000000e+000  2.0000000e+001  2.6068624e+001  7.3184338e-001
  2.0020000e+003  2.0000000e+000  2.1000000e+001  1.7073529e+000  5.4086019e-001
  2.0020000e+003  2.0000000e+000  2.2000000e+001  7.2799211e+000  6.3480483e-001
  2.0020000e+003  2.0000000e+000  2.3000000e+001  5.1064555e+000  6.3969870e-001
  2.0020000e+003  2.0000000e+000  2.4000000e+001  3.2912334e+000  5.7809063e-001
  2.0020000e+003  2.0000000e+000  2.5000000e+001  8.2012981e+000  8.4116020e-001
  2.0020000e+003  2.0000000e+000  2.6000000e+001  2.1675618e+001  9.8026411e-001
  2.0020000e+003  2.0000000e+000  2.7000000e+001  1.3251450e+001  7.8519576e-001
  2.0020000e+003  2.0000000e+000  2.8000000e+001  1.0391007e+000  7.2771707e-001
  2.0020000e+003  3.0000000e+000  1.0000000e+000  1.7253077e-002  7.6585701e-001
  2.0020000e+003  3.0000000e+000  2.0000000e+000  1.1281161e-002  6.2926255e-001
  2.0020000e+003  3.0000000e+000  3.0000000e+000  4.6646418e-002  6.1314439e-001
  2.0020000e+003  3.0000000e+000  4.0000000e+000  0.0000000e+000  6.8888108e-001
  2.0020000e+003  3.0000000e+000  5.0000000e+000  2.0033922e-002  6.9769754e-001
  2.0020000e+003  3.0000000e+000  6.0000000e+000  1.3789145e+000  7.5679096e-001
  2.0020000e+003  3.0000000e+000  7.0000000e+000  1.9379367e+000  1.0461777e+000
  2.0020000e+003  3.0000000e+000  8.0000000e+000  1.1281161e-002  8.3452455e-001
  2.0020000e+003  3.0000000e+000  9.0000000e+000  4.6431366e-001  8.5265115e-001
  2.0020000e+003  3.0000000e+000  1.0000000e+001  2.2562322e-002  8.0678215e-001
  2.0020000e+003  3.0000000e+000  1.1000000e+001  0.0000000e+000  8.5879980e-001
  2.0020000e+003  3.0000000e+000  1.2000000e+001  3.6050804e-002  1.1098085e+000
  2.0020000e+003  3.0000000e+000  1.3000000e+001  1.3491322e-001  1.2365578e+000
  2.0020000e+003  3.0000000e+000  1.4000000e+001  6.0599136e+000  8.4848138e-001
  2.0020000e+003  3.0000000e+000  1.5000000e+001  9.3013017e-001  9.6379529e-001
  2.0020000e+003  3.0000000e+000  1.6000000e+001  1.1281161e-002  1.1258329e+000
  2.0020000e+003  3.0000000e+000  1.7000000e+001  7.3074709e-002  1.1649061e+000
  2.0020000e+003  3.0000000e+000  1.8000000e+001  2.0604757e+001  1.1944331e+000
  2.0020000e+003  3.0000000e+000  1.9000000e+001  1.0585778e+001  1.1613873e+000
  2.0020000e+003  3.0000000e+000  2.0000000e+001  1.5929101e+001  1.3734898e+000
  2.0020000e+003  3.0000000e+000  2.1000000e+001  6.2562192e+000  1.4026641e+000
  2.0020000e+003  3.0000000e+000  2.2000000e+001  2.0545559e+000  1.1803006e+000
  2.0020000e+003  3.0000000e+000  2.3000000e+001  2.4220969e-002  9.0155301e-001
  2.0020000e+003  3.0000000e+000  2.4000000e+001  1.1281161e-002  8.2990555e-001
  2.0020000e+003  3.0000000e+000  2.5000000e+001  0.0000000e+000  7.8091018e-001
  2.0020000e+003  3.0000000e+000  2.6000000e+001  0.0000000e+000  8.6608462e-001
  2.0020000e+003  3.0000000e+000  2.7000000e+001  0.0000000e+000  8.3267622e-001
  2.0020000e+003  3.0000000e+000  2.8000000e+001  0.0000000e+000  9.7255587e-001
  2.0020000e+003  3.0000000e+000  2.9000000e+001  0.0000000e+000  1.0474371e+000
  2.0020000e+003  3.0000000e+000  3.0000000e+001  0.0000000e+000  1.0134446e+000
  2.0020000e+003  3.0000000e+000  3.1000000e+001  0.0000000e+000  1.2308092e+000
  2.0020000e+003  4.0000000e+000  1.0000000e+000  0.0000000e+000  1.4468360e+000
  2.0020000e+003  4.0000000e+000  2.0000000e+000  0.0000000e+000  1.4860152e+000
  2.0020000e+003  4.0000000e+000  3.0000000e+000  0.0000000e+000  1.5877915e+000
  2.0020000e+003  4.0000000e+000  4.0000000e+000  3.3843483e-002  1.5815125e+000
  2.0020000e+003  4.0000000e+000  5.0000000e+000  2.2562322e-002  1.3401177e+000
  2.0020000e+003  4.0000000e+000  6.0000000e+000  3.0192885e-002  1.1575736e+000
  2.0020000e+003  4.0000000e+000  7.0000000e+000  1.1281161e-002  1.1313361e+000
  2.0020000e+003  4.0000000e+000  8.0000000e+000  3.8589460e-002  1.1914667e+000
  2.0020000e+003  4.0000000e+000  9.0000000e+000  0.0000000e+000  1.2033631e+000
  2.0020000e+003  4.0000000e+000  1.0000000e+001  7.5980200e-002  1.2307498e+000
  2.0020000e+003  4.0000000e+000  1.1000000e+001  6.9345613e-002  1.2767864e+000
  2.0020000e+003  4.0000000e+000  1.2000000e+001  0.0000000e+000  1.4366385e+000
  2.0020000e+003  4.0000000e+000  1.3000000e+001  2.2562322e-002  1.2232443e+000
  2.0020000e+003  4.0000000e+000  1.4000000e+001  3.0536289e-001  1.2623315e+000
  2.0020000e+003  4.0000000e+000  1.5000000e+001  6.4840328e-001  1.2868895e+000
  2.0020000e+003  4.0000000e+000  1.6000000e+001  8.8840241e+000  1.2609937e+000
  2.0020000e+003  4.0000000e+000  1.7000000e+001  8.9529071e-001  1.4409395e+000
  2.0020000e+003  4.0000000e+000  1.8000000e+001  9.0869912e-001  1.4133957e+000
  2.0020000e+003  4.0000000e+000  1.9000000e+001  4.7440297e+000  1.3701363e+000
  2.0020000e+003  4.0000000e+000  2.0000000e+001  1.4592142e-002  1.5491794e+000
  2.0020000e+003  4.0000000e+000  2.1000000e+001  3.5502130e-002  1.7397090e+000
  2.0020000e+003  4.0000000e+000  2.2000000e+001  1.6027138e-002  1.9698170e+000
  2.0020000e+003  4.0000000e+000  2.3000000e+001  0.0000000e+000  2.1153875e+000
  2.0020000e+003  4.0000000e+000  2.4000000e+001  1.1281161e-002  2.3311990e+000
  2.0020000e+003  4.0000000e+000  2.5000000e+001  1.1281161e-002  2.3640034e+000
  2.0020000e+003  4.0000000e+000  2.6000000e+001  6.3376680e+000  1.6967299e+000
  2.0020000e+003  4.0000000e+000  2.7000000e+001  2.9544726e+000  1.5167490e+000
  2.0020000e+003  4.0000000e+000  2.8000000e+001  4.7188739e+000  1.6411253e+000
  2.0020000e+003  4.0000000e+000  2.9000000e+001  1.1288315e+001  1.7544352e+000
  2.0020000e+003  4.0000000e+000  3.0000000e+001  1.9402887e-001  1.9136885e+000
  2.0020000e+003  5.0000000e+000  1.0000000e+000  3.9017210e+000  1.9754929e+000
  2.0020000e+003  5.0000000e+000  2.0000000e+000  1.9226175e+000  1.8490619e+000
  2.0020000e+003  5.0000000e+000  3.0000000e+000  0.0000000e+000  1.8045221e+000
  2.0020000e+003  5.0000000e+000  4.0000000e+000  1.0102320e+001  1.6422473e+000
  2.0020000e+003  5.0000000e+000  5.0000000e+000  1.3424878e+001  1.4620052e+000
  2.0020000e+003  5.0000000e+000  6.0000000e+000  1.1114196e+000  1.7591657e+000
  2.0020000e+003  5.0000000e+000  7.0000000e+000  1.1471837e-001  2.2944800e+000
  2.0020000e+003  5.0000000e+000  8.0000000e+000  0.0000000e+000  2.7982205e+000
  2.0020000e+003  5.0000000e+000  9.0000000e+000  2.2562322e-002  3.3194145e+000
  2.0020000e+003  5.0000000e+000  1.0000000e+001  1.2939808e-002  3.0152304e+000
  2.0020000e+003  5.0000000e+000  1.1000000e+001  3.3843483e-002  2.7582460e+000
  2.0020000e+003  5.0000000e+000  1.2000000e+001  9.1394368e-002  2.6658690e+000
  2.0020000e+003  5.0000000e+000  1.3000000e+001  9.0479962e-001  2.8266130e+000
  2.0020000e+003  5.0000000e+000  1.4000000e+001  1.6581601e+001  2.3662709e+000
  2.0020000e+003  5.0000000e+000  1.5000000e+001  3.2233197e-001  2.6707375e+000
  2.0020000e+003  5.0000000e+000  1.6000000e+001  0.0000000e+000  3.1495909e+000
  2.0020000e+003  5.0000000e+000  1.7000000e+001  1.1281161e-002  3.5729182e+000
  2.0020000e+003  5.0000000e+000  1.8000000e+001  5.3725962e+000  2.7297525e+000
  2.0020000e+003  5.0000000e+000  1.9000000e+001  3.3843483e-002  2.6010670e+000
  2.0020000e+003  5.0000000e+000  2.0000000e+001  0.0000000e+000  2.8907055e+000
  2.0020000e+003  5.0000000e+000  2.1000000e+001  3.9815399e-002  3.2868597e+000
  2.0020000e+003  5.0000000e+000  2.2000000e+001  1.9337670e+000  3.0010971e+000
  2.0020000e+003  5.0000000e+000  2.3000000e+001  6.9991322e-002  2.5321979e+000
  2.0020000e+003  5.0000000e+000  2.4000000e+001  2.2769541e+000  2.5553534e+000
  2.0020000e+003  5.0000000e+000  2.5000000e+001  1.4298146e+000  2.5856448e+000
  2.0020000e+003  5.0000000e+000  2.6000000e+001  1.0887046e+000  2.3504492e+000
  2.0020000e+003  5.0000000e+000  2.7000000e+001  2.4217813e-002  2.3922119e+000
  2.0020000e+003  5.0000000e+000  2.8000000e+001  7.1775323e-001  2.4583912e+000
  2.0020000e+003  5.0000000e+000  2.9000000e+001  5.3447933e-001  2.6716320e+000
  2.0020000e+003  5.0000000e+000  3.0000000e+001  1.1281161e-002  2.5804170e+000
  2.0020000e+003  5.0000000e+000  3.1000000e+001  2.2562322e-002  3.0225532e+000
  2.0020000e+003  6.0000000e+000  1.0000000e+000  3.5502130e-002  3.1690773e+000
  2.0020000e+003  6.0000000e+000  2.0000000e+000  5.7144997e-002  3.4141246e+000
  2.0020000e+003  6.0000000e+000  3.0000000e+000  1.7711561e+000  3.3600424e+000
  2.0020000e+003  6.0000000e+000  4.0000000e+000  6.1152753e+000  3.8864471e+000
  2.0020000e+003  6.0000000e+000  5.0000000e+000  3.6263419e+000  3.4297601e+000
  2.0020000e+003  6.0000000e+000  6.0000000e+000  1.6565573e+000  3.2248180e+000
  2.0020000e+003  6.0000000e+000  7.0000000e+000  2.9420294e+000  2.9598253e+000
  2.0020000e+003  6.0000000e+000  8.0000000e+000  7.8968127e-002  3.0851126e+000
  2.0020000e+003  6.0000000e+000  9.0000000e+000  6.7686966e-002  3.3205160e+000
  2.0020000e+003  6.0000000e+000  1.0000000e+001  4.2786557e+000  2.7705363e+000
  2.0020000e+003  6.0000000e+000  1.1000000e+001  3.2996549e+000  2.8623613e+000
  2.0020000e+003  6.0000000e+000  1.2000000e+001  1.9425505e+000  3.2460497e+000
  2.0020000e+003  6.0000000e+000  1.3000000e+001  1.3256193e-001  3.3998600e+000
  2.0020000e+003  6.0000000e+000  1.4000000e+001  1.4432944e+000  4.2014060e+000
  2.0020000e+003  6.0000000e+000  1.5000000e+001  7.0864232e-002  4.0188923e+000
  2.0020000e+003  6.0000000e+000  1.6000000e+001  3.2034277e-001  4.1163148e+000
  2.0020000e+003  6.0000000e+000  1.7000000e+001  2.2562322e-002  5.0253732e+000
  2.0020000e+003  6.0000000e+000  1.8000000e+001  3.3843483e-002  5.7903942e+000
  2.0020000e+003  6.0000000e+000  1.9000000e+001  5.2158410e-001  4.6807702e+000
  2.0020000e+003  6.0000000e+000  2.0000000e+001  4.6220022e-002  4.4163071e+000
  2.0020000e+003  6.0000000e+000  2.1000000e+001  3.3843483e-002  4.0026533e+000
  2.0020000e+003  6.0000000e+000  2.2000000e+001  2.7018460e-001  4.5919741e+000
  2.0020000e+003  6.0000000e+000  2.3000000e+001  1.4739429e-001  4.1378971e+000
  2.0020000e+003  6.0000000e+000  2.4000000e+001  2.2562322e-002  3.7265082e+000
  2.0020000e+003  6.0000000e+000  2.5000000e+001  6.7686966e-002  3.7120738e+000
  2.0020000e+003  6.0000000e+000  2.6000000e+001  5.8064452e-002  4.0652908e+000
  2.0020000e+003  6.0000000e+000  2.7000000e+001  4.5124645e-002  3.3246813e+000
  2.0020000e+003  6.0000000e+000  2.8000000e+001  6.3722665e-001  2.7668871e+000
  2.0020000e+003  6.0000000e+000  2.9000000e+001  9.1907935e-002  2.9093183e+000
  2.0020000e+003  6.0000000e+000  3.0000000e+001  1.2575142e-001  3.2177743e+000
  2.0020000e+003  7.0000000e+000  1.0000000e+000  1.8965206e+000  2.9490686e+000
  2.0020000e+003  7.0000000e+000  2.0000000e+000  2.3090431e+000  2.9223173e+000
  2.0020000e+003  7.0000000e+000  3.0000000e+000  2.0299725e+001  2.8402327e+000
  2.0020000e+003  7.0000000e+000  4.0000000e+000  2.1454008e-001  2.9457817e+000
  2.0020000e+003  7.0000000e+000  5.0000000e+000  7.1308378e-002  3.2229801e+000
  2.0020000e+003  7.0000000e+000  6.0000000e+000  1.2324424e+000  3.3054165e+000
  2.0020000e+003  7.0000000e+000  7.0000000e+000  3.9484064e-001  3.5564643e+000
  2.0020000e+003  7.0000000e+000  8.0000000e+000  0.0000000e+000  4.0599368e+000
  2.0020000e+003  7.0000000e+000  9.0000000e+000  1.0185824e-001  4.1968978e+000
  2.0020000e+003  7.0000000e+000  1.0000000e+001  2.1205496e+001  3.0295474e+000
  2.0020000e+003  7.0000000e+000  1.1000000e+001  0.0000000e+000  3.0906829e+000
  2.0020000e+003  7.0000000e+000  1.2000000e+001  3.0741559e-002  3.3807407e+000
  2.0020000e+003  7.0000000e+000  1.3000000e+001  1.0411251e+001  3.5476635e+000
  2.0020000e+003  7.0000000e+000  1.4000000e+001  1.4826168e-001  3.3611624e+000
  2.0020000e+003  7.0000000e+000  1.5000000e+001  6.3918034e-001  3.7442064e+000
  2.0020000e+003  7.0000000e+000  1.6000000e+001  1.0695097e+000  3.5057399e+000
  2.0020000e+003  7.0000000e+000  1.7000000e+001  2.9364752e+000  3.5398086e+000
  2.0020000e+003  7.0000000e+000  1.8000000e+001  0.0000000e+000  3.1200644e+000
  2.0020000e+003  7.0000000e+000  1.9000000e+001  0.0000000e+000  3.0310559e+000
  2.0020000e+003  7.0000000e+000  2.0000000e+001  0.0000000e+000  3.4457009e+000
  2.0020000e+003  7.0000000e+000  2.1000000e+001  5.5300252e-001  3.0715577e+000
  2.0020000e+003  7.0000000e+000  2.2000000e+001  0.0000000e+000  2.8474381e+000
  2.0020000e+003  7.0000000e+000  2.3000000e+001  0.0000000e+000  3.2794054e+000
  2.0020000e+003  7.0000000e+000  2.4000000e+001  1.1346044e+000  3.3332198e+000
  2.0020000e+003  7.0000000e+000  2.5000000e+001  1.7253077e-002  3.2218177e+000
  2.0020000e+003  7.0000000e+000  2.6000000e+001  4.4429000e-001  3.3966012e+000
  2.0020000e+003  7.0000000e+000  2.7000000e+001  0.0000000e+000  4.1213838e+000
  2.0020000e+003  7.0000000e+000  2.8000000e+001  0.0000000e+000  4.2439470e+000
  2.0020000e+003  7.0000000e+000  2.9000000e+001  0.0000000e+000  4.4730229e+000
  2.0020000e+003  7.0000000e+000  3.0000000e+001  2.2596959e+000  4.3354681e+000
  2.0020000e+003  7.0000000e+000  3.1000000e+001  1.4386770e+000  3.7683384e+000
  2.0020000e+003  8.0000000e+000  1.0000000e+000  2.4381982e+000  3.5513954e+000
  2.0020000e+003  8.0000000e+000  2.0000000e+000  7.1654745e+000  3.0265930e+000
  2.0020000e+003  8.0000000e+000  3.0000000e+000  6.8335654e+000  2.8029866e+000
  2.0020000e+003  8.0000000e+000  4.0000000e+000  1.9264200e-001  2.8399330e+000
  2.0020000e+003  8.0000000e+000  5.0000000e+000  4.5254812e-002  2.8922556e+000
  2.0020000e+003  8.0000000e+000  6.0000000e+000  3.2853913e+000  2.6025198e+000
  2.0020000e+003  8.0000000e+000  7.0000000e+000  2.9601314e+000  3.0266807e+000
  2.0020000e+003  8.0000000e+000  8.0000000e+000  3.3843483e-002  3.0218675e+000
  2.0020000e+003  8.0000000e+000  9.0000000e+000  1.1853972e+000  2.8242434e+000
  2.0020000e+003  8.0000000e+000  1.0000000e+001  9.4080625e-001  2.8828814e+000
  2.0020000e+003  8.0000000e+000  1.1000000e+001  1.5793626e-001  2.9651477e+000
  2.0020000e+003  8.0000000e+000  1.2000000e+001  1.2433319e+000  2.7818885e+000
  2.0020000e+003  8.0000000e+000  1.3000000e+001  1.1281161e-002  2.8566109e+000
  2.0020000e+003  8.0000000e+000  1.4000000e+001  1.2936652e-002  3.1074382e+000
  2.0020000e+003  8.0000000e+000  1.5000000e+001  1.6799463e-002  3.2170130e+000
  2.0020000e+003  8.0000000e+000  1.6000000e+001  3.6050804e-002  3.2917125e+000
  2.0020000e+003  8.0000000e+000  1.7000000e+001  3.3843483e-002  3.3526606e+000
  2.0020000e+003  8.0000000e+000  1.8000000e+001  1.1281161e-002  3.4318256e+000
  2.0020000e+003  8.0000000e+000  1.9000000e+001  1.9735975e+001  3.5740264e+000
  2.0020000e+003  8.0000000e+000  2.0000000e+001  7.8202670e+000  2.9097681e+000
  2.0020000e+003  8.0000000e+000  2.1000000e+001  2.2347420e+000  2.4693827e+000
  2.0020000e+003  8.0000000e+000  2.2000000e+001  9.1771062e-002  2.5328256e+000
  2.0020000e+003  8.0000000e+000  2.3000000e+001  4.0599913e-001  2.8503421e+000
  2.0020000e+003  8.0000000e+000  2.4000000e+001  1.5817268e+001  2.6210218e+000
  2.0020000e+003  8.0000000e+000  2.5000000e+001  5.4843563e-001  2.4045779e+000
  2.0020000e+003  8.0000000e+000  2.6000000e+001  1.2409277e-001  2.8701179e+000
  2.0020000e+003  8.0000000e+000  2.7000000e+001  3.9461727e+001  2.7880456e+000
  2.0020000e+003  8.0000000e+000  2.8000000e+001  3.8987109e+000  3.0474352e+000
  2.0020000e+003  8.0000000e+000  2.9000000e+001  3.6099716e-001  2.9223575e+000
  2.0020000e+003  8.0000000e+000  3.0000000e+001  0.0000000e+000  2.7070118e+000
  2.0020000e+003  8.0000000e+000  3.1000000e+001  2.2562322e-002  2.5607818e+000
  2.0020000e+003  9.0000000e+000  1.0000000e+000  1.1281161e-002  2.0877833e+000
  2.0020000e+003  9.0000000e+000  2.0000000e+000  1.1281161e-002  2.0857751e+000
  2.0020000e+003  9.0000000e+000  3.0000000e+000  0.0000000e+000  2.0176421e+000
  2.0020000e+003  9.0000000e+000  4.0000000e+000  6.4488115e+000  2.0462009e+000
  2.0020000e+003  9.0000000e+000  5.0000000e+000  0.0000000e+000  2.1331105e+000
  2.0020000e+003  9.0000000e+000  6.0000000e+000  3.8589460e-002  1.9820197e+000
  2.0020000e+003  9.0000000e+000  7.0000000e+000  1.1281161e-002  1.9674372e+000
  2.0020000e+003  9.0000000e+000  8.0000000e+000  6.5794296e+000  2.0515501e+000
  2.0020000e+003  9.0000000e+000  9.0000000e+000  3.2267237e-001  2.0981819e+000
  2.0020000e+003  9.0000000e+000  1.0000000e+001  6.8548044e-001  1.8419414e+000
  2.0020000e+003  9.0000000e+000  1.1000000e+001  1.5333177e+000  1.8651757e+000
  2.0020000e+003  9.0000000e+000  1.2000000e+001  0.0000000e+000  2.0505751e+000
  2.0020000e+003  9.0000000e+000  1.3000000e+001  2.2562322e-002  1.7341404e+000
  2.0020000e+003  9.0000000e+000  1.4000000e+001  9.0249288e-002  1.6661836e+000
  2.0020000e+003  9.0000000e+000  1.5000000e+001  3.3843483e-002  1.6555896e+000
  2.0020000e+003  9.0000000e+000  1.6000000e+001  1.1281161e-002  1.4597803e+000
  2.0020000e+003  9.0000000e+000  1.7000000e+001  0.0000000e+000  1.4422828e+000
  2.0020000e+003  9.0000000e+000  1.8000000e+001  2.0033922e-002  1.4500781e+000
  2.0020000e+003  9.0000000e+000  1.9000000e+001  1.6986825e-002  1.5855432e+000
  2.0020000e+003  9.0000000e+000  2.0000000e+001  0.0000000e+000  1.5297498e+000
  2.0020000e+003  9.0000000e+000  2.1000000e+001  2.7308299e-002  1.3086580e+000
  2.0020000e+003  9.0000000e+000  2.2000000e+001  7.0678096e+000  1.2535469e+000
  2.0020000e+003  9.0000000e+000  2.3000000e+001  1.4385532e-001  1.1847017e+000
  2.0020000e+003  9.0000000e+000  2.4000000e+001  2.4220969e-002  1.1977963e+000
  2.0020000e+003  9.0000000e+000  2.5000000e+001  2.7901254e+000  9.5607400e-001
  2.0020000e+003  9.0000000e+000  2.6000000e+001  8.1170641e+000  1.1924497e+000
  2.0020000e+003  9.0000000e+000  2.7000000e+001  6.5370781e-002  1.2610909e+000
  2.0020000e+003  9.0000000e+000  2.8000000e+001  0.0000000e+000  1.1422712e+000
  2.0020000e+003  9.0000000e+000  2.9000000e+001  0.0000000e+000  1.1019966e+000
  2.0020000e+003  9.0000000e+000  3.0000000e+001  0.0000000e+000  1.0138913e+000
  2.0020000e+003  1.0000000e+001  1.0000000e+000  0.0000000e+000  1.0692432e+000
  2.0020000e+003  1.0000000e+001  2.0000000e+000  1.1281161e-002  1.2358859e+000
  2.0020000e+003  1.0000000e+001  3.0000000e+000  1.0668231e-001  1.4042932e+000
  2.0020000e+003  1.0000000e+001  4.0000000e+000  3.0204639e-001  1.3408005e+000
  2.0020000e+003  1.0000000e+001  5.0000000e+000  2.1127154e+000  1.1881402e+000
  2.0020000e+003  1.0000000e+001  6.0000000e+000  4.1078349e+000  1.1594472e+000
  2.0020000e+003  1.0000000e+001  7.0000000e+000  6.2247159e-002  8.4967327e-001
  2.0020000e+003  1.0000000e+001  8.0000000e+000  0.0000000e+000  9.1145251e-001
  2.0020000e+003  1.0000000e+001  9.0000000e+000  1.2939808e-002  8.5854043e-001
  2.0020000e+003  1.0000000e+001  1.0000000e+001  0.0000000e+000  9.0704362e-001
  2.0020000e+003  1.0000000e+001  1.1000000e+001  0.0000000e+000  8.3740428e-001
  2.0020000e+003  1.0000000e+001  1.2000000e+001  9.9468287e-001  8.7387836e-001
  2.0020000e+003  1.0000000e+001  1.3000000e+001  3.6425568e-001  9.8904690e-001
  2.0020000e+003  1.0000000e+001  1.4000000e+001  1.2939808e-002  1.0550380e+000
  2.0020000e+003  1.0000000e+001  1.5000000e+001  3.4932080e+000  9.9860091e-001
  2.0020000e+003  1.0000000e+001  1.6000000e+001  1.1133469e+001  1.1295735e+000
  2.0020000e+003  1.0000000e+001  1.7000000e+001  1.0722999e+001  9.6168110e-001
  2.0020000e+003  1.0000000e+001  1.8000000e+001  5.8779303e+000  7.8979522e-001
  2.0020000e+003  1.0000000e+001  1.9000000e+001  3.3709766e-002  6.9623588e-001
  2.0020000e+003  1.0000000e+001  2.0000000e+001  4.7937441e-002  6.4118072e-001
  2.0020000e+003  1.0000000e+001  2.1000000e+001  5.7410137e+000  9.1869147e-001
  2.0020000e+003  1.0000000e+001  2.2000000e+001  1.7621379e+001  1.0616848e+000
  2.0020000e+003  1.0000000e+001  2.3000000e+001  1.5348976e+001  8.8677718e-001
  2.0020000e+003  1.0000000e+001  2.4000000e+001  4.6192162e+000  7.5176879e-001
  2.0020000e+003  1.0000000e+001  2.5000000e+001  2.5028288e+001  9.2433766e-001
  2.0020000e+003  1.0000000e+001  2.6000000e+001  7.0144580e+000  8.5031512e-001
  2.0020000e+003  1.0000000e+001  2.7000000e+001  1.9051419e+001  9.0732373e-001
  2.0020000e+003  1.0000000e+001  2.8000000e+001  2.5946671e-001  7.0893622e-001
  2.0020000e+003  1.0000000e+001  2.9000000e+001  7.8968129e-002  6.8640819e-001
  2.0020000e+003  1.0000000e+001  3.0000000e+001  3.7702588e-001  8.5616195e-001
  2.0020000e+003  1.0000000e+001  3.1000000e+001  1.9722744e-001  9.1646108e-001
  2.0020000e+003  1.1000000e+001  1.0000000e+000  2.0206686e+000  9.0939449e-001
  2.0020000e+003  1.1000000e+001  2.0000000e+000  1.4938383e+001  9.5040614e-001
  2.0020000e+003  1.1000000e+001  3.0000000e+000  1.7833581e+001  8.5128155e-001
  2.0020000e+003  1.1000000e+001  4.0000000e+000  1.2142782e+000  6.8827122e-001
  2.0020000e+003  1.1000000e+001  5.0000000e+000  1.3537394e-001  6.6551483e-001
  2.0020000e+003  1.1000000e+001  6.0000000e+000  8.7594786e-001  6.0434872e-001
  2.0020000e+003  1.1000000e+001  7.0000000e+000  8.1202394e+000  5.7017192e-001
  2.0020000e+003  1.1000000e+001  8.0000000e+000  9.9978664e+000  5.3984403e-001
  2.0020000e+003  1.1000000e+001  9.0000000e+000  5.4563309e+000  6.3178877e-001
  2.0020000e+003  1.1000000e+001  1.0000000e+001  1.1749373e+001  5.3138111e-001
  2.0020000e+003  1.1000000e+001  1.1000000e+001  1.6983707e+001  6.9568097e-001
  2.0020000e+003  1.1000000e+001  1.2000000e+001  1.0258843e+000  6.7822858e-001
  2.0020000e+003  1.1000000e+001  1.3000000e+001  4.4125655e+000  6.3210210e-001
  2.0020000e+003  1.1000000e+001  1.4000000e+001  2.3650706e+000  6.3754422e-001
  2.0020000e+003  1.1000000e+001  1.5000000e+001  3.2818401e+000  5.9577611e-001
  2.0020000e+003  1.1000000e+001  1.6000000e+001  8.1001523e+000  6.1590495e-001
  2.0020000e+003  1.1000000e+001  1.7000000e+001  4.5691425e-001  5.8754225e-001
  2.0020000e+003  1.1000000e+001  1.8000000e+001  1.1281161e-002  5.6911446e-001
  2.0020000e+003  1.1000000e+001  1.9000000e+001  0.0000000e+000  5.2148068e-001
  2.0020000e+003  1.1000000e+001  2.0000000e+001  1.5143973e-002  5.0604445e-001
  2.0020000e+003  1.1000000e+001  2.1000000e+001  5.6566362e+000  5.2680688e-001
  2.0020000e+003  1.1000000e+001  2.2000000e+001  9.2553211e-001  5.4967537e-001
  2.0020000e+003  1.1000000e+001  2.3000000e+001  2.9583354e+000  4.7393588e-001
  2.0020000e+003  1.1000000e+001  2.4000000e+001  6.8426159e-002  5.2354793e-001
  2.0020000e+003  1.1000000e+001  2.5000000e+001  6.2741772e+000  5.2188165e-001
  2.0020000e+003  1.1000000e+001  2.6000000e+001  2.2011360e-001  5.2001710e-001
  2.0020000e+003  1.1000000e+001  2.7000000e+001  4.0067844e-002  4.6771604e-001
  2.0020000e+003  1.1000000e+001  2.8000000e+001  3.9085871e-001  4.8364738e-001
  2.0020000e+003  1.1000000e+001  2.9000000e+001  1.8009640e+000  5.0881325e-001
  2.0020000e+003  1.1000000e+001  3.0000000e+001  1.0233295e+000  4.5026350e-001
  2.0020000e+003  1.2000000e+001  1.0000000e+000  4.4275071e+000  4.8385327e-001
  2.0020000e+003  1.2000000e+001  2.0000000e+000  2.3569206e+000  4.4661946e-001
  2.0020000e+003  1.2000000e+001  3.0000000e+000  1.2936652e-002  4.4474514e-001
  2.0020000e+003  1.2000000e+001  4.0000000e+000  3.5321868e-002  4.3336751e-001
  2.0020000e+003  1.2000000e+001  5.0000000e+000  1.0285579e-001  4.3196721e-001
  2.0020000e+003  1.2000000e+001  6.0000000e+000  3.9555460e-002  3.8045580e-001
  2.0020000e+003  1.2000000e+001  7.0000000e+000  6.5753786e-002  3.3521445e-001
  2.0020000e+003  1.2000000e+001  8.0000000e+000  2.2562322e-002  2.8858889e-001
  2.0020000e+003  1.2000000e+001  9.0000000e+000  0.0000000e+000  2.3134157e-001
  2.0020000e+003  1.2000000e+001  1.0000000e+001  1.1281161e-002  2.2878968e-001
  2.0020000e+003  1.2000000e+001  1.1000000e+001  6.6219630e-003  1.9064041e-001
  2.0020000e+003  1.2000000e+001  1.2000000e+001  1.3829402e-001  2.3611172e-001
  2.0020000e+003  1.2000000e+001  1.3000000e+001  4.7251223e-001  2.9758218e-001
  2.0020000e+003  1.2000000e+001  1.4000000e+001  7.7255442e-002  3.3316785e-001
  2.0020000e+003  1.2000000e+001  1.5000000e+001  7.9986206e+000  3.7190279e-001
  2.0020000e+003  1.2000000e+001  1.6000000e+001  2.3924038e+000  4.1275853e-001
  2.0020000e+003  1.2000000e+001  1.7000000e+001  6.4267711e-001  3.5879940e-001
  2.0020000e+003  1.2000000e+001  1.8000000e+001  1.0723454e+000  2.8113477e-001
  2.0020000e+003  1.2000000e+001  1.9000000e+001  7.9098375e-001  2.4964337e-001
  2.0020000e+003  1.2000000e+001  2.0000000e+001  3.5205053e+000  2.4702852e-001
  2.0020000e+003  1.2000000e+001  2.1000000e+001  2.9794308e+000  3.3298091e-001
  2.0020000e+003  1.2000000e+001  2.2000000e+001  1.5072229e+001  4.6543858e-001
  2.0020000e+003  1.2000000e+001  2.3000000e+001  3.0287946e-002  4.9656247e-001
  2.0020000e+003  1.2000000e+001  2.4000000e+001  1.1860760e+000  5.3305005e-001
  2.0020000e+003  1.2000000e+001  2.5000000e+001  9.0475584e-001  5.2723840e-001
  2.0020000e+003  1.2000000e+001  2.6000000e+001  1.0741577e+001  5.1607335e-001
  2.0020000e+003  1.2000000e+001  2.7000000e+001  3.1622716e+000  5.4344016e-001
  2.0020000e+003  1.2000000e+001  2.8000000e+001  1.1547819e+000  5.0192533e-001
  2.0020000e+003  1.2000000e+001  2.9000000e+001  1.4967403e+001  4.7220342e-001
  2.0020000e+003  1.2000000e+001  3.0000000e+001  8.0948347e+000  5.8296002e-001
  2.0020000e+003  1.2000000e+001  3.1000000e+001  3.4898856e+000  4.2153304e-001
  2.0030000e+003  1.0000000e+000  1.0000000e+000  3.1215215e+001  4.0387085e-001
  2.0030000e+003  1.0000000e+000  2.0000000e+000  3.6519131e+001  5.4785993e-001
  2.0030000e+003  1.0000000e+000  3.0000000e+000  3.6075331e+000  4.7840392e-001
  2.0030000e+003  1.0000000e+000  4.0000000e+000  7.8417190e+000  3.3470876e-001
  2.0030000e+003  1.0000000e+000  5.0000000e+000  1.3439437e+000  2.4698632e-001
  2.0030000e+003  1.0000000e+000  6.0000000e+000  0.0000000e+000  2.5922292e-001
  2.0030000e+003  1.0000000e+000  7.0000000e+000  0.0000000e+000  2.1463694e-001
  2.0030000e+003  1.0000000e+000  8.0000000e+000  0.0000000e+000  1.4971204e-001
  2.0030000e+003  1.0000000e+000  9.0000000e+000  0.0000000e+000  1.9275640e-001
  2.0030000e+003  1.0000000e+000  1.0000000e+001  3.7160777e-002  1.6994385e-001
  2.0030000e+003  1.0000000e+000  1.1000000e+001  8.0143974e-002  2.2246110e-001
  2.0030000e+003  1.0000000e+000  1.2000000e+001  1.1281161e-002  1.7494578e-001
  2.0030000e+003  1.0000000e+000  1.3000000e+001  4.8113798e-001  2.6390557e-001
  2.0030000e+003  1.0000000e+000  1.4000000e+001  6.7847349e-001  3.5971390e-001
  2.0030000e+003  1.0000000e+000  1.5000000e+001  1.6686613e-001  3.7448957e-001
  2.0030000e+003  1.0000000e+000  1.6000000e+001  8.2938111e-001  3.9124880e-001
  2.0030000e+003  1.0000000e+000  1.7000000e+001  0.0000000e+000  3.5753093e-001
  2.0030000e+003  1.0000000e+000  1.8000000e+001  3.7893657e-002  3.8057356e-001
  2.0030000e+003  1.0000000e+000  1.9000000e+001  3.2291200e+000  4.1911976e-001
  2.0030000e+003  1.0000000e+000  2.0000000e+001  6.7186092e+000  5.1340966e-001
  2.0030000e+003  1.0000000e+000  2.1000000e+001  2.2170125e+000  5.4200026e-001
  2.0030000e+003  1.0000000e+000  2.2000000e+001  6.7576893e+000  5.0212829e-001
  2.0030000e+003  1.0000000e+000  2.3000000e+001  4.4924314e+000  4.6491037e-001
  2.0030000e+003  1.0000000e+000  2.4000000e+001  2.5879616e-002  3.6567325e-001
  2.0030000e+003  1.0000000e+000  2.5000000e+001  1.6538380e-001  3.2549837e-001
  2.0030000e+003  1.0000000e+000  2.6000000e+001  2.8922574e+000  4.1503685e-001
  2.0030000e+003  1.0000000e+000  2.7000000e+001  1.6208544e-001  5.4014751e-001
  2.0030000e+003  1.0000000e+000  2.8000000e+001  1.2986211e+001  5.1997925e-001
  2.0030000e+003  1.0000000e+000  2.9000000e+001  6.5547716e+000  4.3430624e-001
  2.0030000e+003  1.0000000e+000  3.0000000e+001  1.2400659e+000  3.8398340e-001
  2.0030000e+003  1.0000000e+000  3.1000000e+001  2.2073210e-003  2.6830488e-001
  2.0030000e+003  2.0000000e+000  1.0000000e+000  1.0468089e+000  2.5162881e-001
  2.0030000e+003  2.0000000e+000  2.0000000e+000  5.5270219e+000  4.0950578e-001
  2.0030000e+003  2.0000000e+000  3.0000000e+000  1.2341784e+001  4.4850317e-001
  2.0030000e+003  2.0000000e+000  4.0000000e+000  1.0718622e+000  4.0012617e-001
  2.0030000e+003  2.0000000e+000  5.0000000e+000  2.2901850e+000  4.2909322e-001
  2.0030000e+003  2.0000000e+000  6.0000000e+000  2.7880286e-001  4.1300858e-001
  2.0030000e+003  2.0000000e+000  7.0000000e+000  1.0487054e+000  4.2133639e-001
  2.0030000e+003  2.0000000e+000  8.0000000e+000  5.0965959e-001  4.8688854e-001
  2.0030000e+003  2.0000000e+000  9.0000000e+000  2.2562322e-002  5.0043138e-001
  2.0030000e+003  2.0000000e+000  1.0000000e+001  0.0000000e+000  3.9815720e-001
  2.0030000e+003  2.0000000e+000  1.1000000e+001  3.3843483e-002  3.7863671e-001
  2.0030000e+003  2.0000000e+000  1.2000000e+001  0.0000000e+000  3.3751625e-001
  2.0030000e+003  2.0000000e+000  1.3000000e+001  0.0000000e+000  3.0562132e-001
  2.0030000e+003  2.0000000e+000  1.4000000e+001  0.0000000e+000  3.1519364e-001
  2.0030000e+003  2.0000000e+000  1.5000000e+001  1.1281161e-002  3.5795432e-001
  2.0030000e+003  2.0000000e+000  1.6000000e+001  5.6405805e-002  4.0960575e-001
  2.0030000e+003  2.0000000e+000  1.7000000e+001  0.0000000e+000  3.3090614e-001
  2.0030000e+003  2.0000000e+000  1.8000000e+001  0.0000000e+000  3.4225982e-001
  2.0030000e+003  2.0000000e+000  1.9000000e+001  9.9205192e-002  4.0422912e-001
  2.0030000e+003  2.0000000e+000  2.0000000e+001  2.2562322e-002  4.0513140e-001
  2.0030000e+003  2.0000000e+000  2.1000000e+001  2.2562322e-002  4.1076676e-001
  2.0030000e+003  2.0000000e+000  2.2000000e+001  3.3843483e-002  4.2625895e-001
  2.0030000e+003  2.0000000e+000  2.3000000e+001  4.2596244e-002  4.5993152e-001
  2.0030000e+003  2.0000000e+000  2.4000000e+001  1.6027138e-002  5.0965860e-001
  2.0030000e+003  2.0000000e+000  2.5000000e+001  2.7308299e-002  4.8578454e-001
  2.0030000e+003  2.0000000e+000  2.6000000e+001  1.1281161e-002  5.6586180e-001
  2.0030000e+003  2.0000000e+000  2.7000000e+001  1.2936652e-002  6.5490026e-001
  2.0030000e+003  2.0000000e+000  2.8000000e+001  6.7822302e-001  6.8134642e-001
  2.0030000e+003  3.0000000e+000  1.0000000e+000  1.0504444e+001  7.7600821e-001
  2.0030000e+003  3.0000000e+000  2.0000000e+000  5.9339291e+000  8.0241680e-001
  2.0030000e+003  3.0000000e+000  3.0000000e+000  1.5505262e+000  7.2544063e-001
  2.0030000e+003  3.0000000e+000  4.0000000e+000  3.5502130e-002  7.1568445e-001
  2.0030000e+003  3.0000000e+000  5.0000000e+000  4.5981816e-001  9.5537785e-001
  2.0030000e+003  3.0000000e+000  6.0000000e+000  1.0768896e+001  7.9278211e-001
  2.0030000e+003  3.0000000e+000  7.0000000e+000  9.2707479e-002  6.9576424e-001
  2.0030000e+003  3.0000000e+000  8.0000000e+000  7.3882534e-002  8.3482404e-001
  2.0030000e+003  3.0000000e+000  9.0000000e+000  1.1992900e-001  9.7876303e-001
  2.0030000e+003  3.0000000e+000  1.0000000e+001  1.3648390e-001  9.1805549e-001
  2.0030000e+003  3.0000000e+000  1.1000000e+001  4.7394682e-002  1.2119632e+000
  2.0030000e+003  3.0000000e+000  1.2000000e+001  1.1701956e+000  1.0083527e+000
  2.0030000e+003  3.0000000e+000  1.3000000e+001  0.0000000e+000  8.7078874e-001
  2.0030000e+003  3.0000000e+000  1.4000000e+001  2.1765936e-002  7.6481141e-001
  2.0030000e+003  3.0000000e+000  1.5000000e+001  1.0318910e-001  7.7824928e-001
  2.0030000e+003  3.0000000e+000  1.6000000e+001  2.6425134e-002  8.0758960e-001
  2.0030000e+003  3.0000000e+000  1.7000000e+001  4.5124644e-002  8.7728729e-001
  2.0030000e+003  3.0000000e+000  1.8000000e+001  4.5124644e-002  8.9126035e-001
  2.0030000e+003  3.0000000e+000  1.9000000e+001  2.2562322e-002  9.3700670e-001
  2.0030000e+003  3.0000000e+000  2.0000000e+001  1.1281161e-002  8.5552293e-001
  2.0030000e+003  3.0000000e+000  2.1000000e+001  4.5124644e-002  8.5669235e-001
  2.0030000e+003  3.0000000e+000  2.2000000e+001  2.2562322e-002  8.8535939e-001
  2.0030000e+003  3.0000000e+000  2.3000000e+001  5.6405805e-002  9.1984699e-001
  2.0030000e+003  3.0000000e+000  2.4000000e+001  9.0249290e-002  1.1425370e+000
  2.0030000e+003  3.0000000e+000  2.5000000e+001  1.8201195e+000  1.3109920e+000
  2.0030000e+003  3.0000000e+000  2.6000000e+001  1.2182643e+001  1.3356689e+000
  2.0030000e+003  3.0000000e+000  2.7000000e+001  2.2562322e-002  1.2832535e+000
  2.0030000e+003  3.0000000e+000  2.8000000e+001  1.0083347e-001  1.4448961e+000
  2.0030000e+003  3.0000000e+000  2.9000000e+001  4.5124644e-002  1.6455670e+000
  2.0030000e+003  3.0000000e+000  3.0000000e+001  3.4585705e+000  1.4817785e+000
  2.0030000e+003  3.0000000e+000  3.1000000e+001  1.1281161e-002  1.2461255e+000
  2.0030000e+003  4.0000000e+000  1.0000000e+000  4.7709155e+000  1.2759931e+000
  2.0030000e+003  4.0000000e+000  2.0000000e+000  7.8610682e+000  1.0197544e+000
  2.0030000e+003  4.0000000e+000  3.0000000e+000  9.3986825e-001  9.7371754e-001
  2.0030000e+003  4.0000000e+000  4.0000000e+000  2.2562322e-002  1.0936276e+000
  2.0030000e+003  4.0000000e+000  5.0000000e+000  2.2562322e-002  1.3874017e+000
  2.0030000e+003  4.0000000e+000  6.0000000e+000  3.8628120e-003  1.1118932e+000
  2.0030000e+003  4.0000000e+000  7.0000000e+000  0.0000000e+000  8.3248769e-001
  2.0030000e+003  4.0000000e+000  8.0000000e+000  1.1281161e-002  8.6628285e-001
  2.0030000e+003  4.0000000e+000  9.0000000e+000  5.6405806e-002  8.9241672e-001
  2.0030000e+003  4.0000000e+000  1.0000000e+001  9.1177422e-001  7.9752708e-001
  2.0030000e+003  4.0000000e+000  1.1000000e+001  1.2936652e-002  9.4116870e-001
  2.0030000e+003  4.0000000e+000  1.2000000e+001  3.3843483e-002  1.1589711e+000
  2.0030000e+003  4.0000000e+000  1.3000000e+001  3.3843483e-002  1.5710425e+000
  2.0030000e+003  4.0000000e+000  1.4000000e+001  0.0000000e+000  1.9307827e+000
  2.0030000e+003  4.0000000e+000  1.5000000e+001  0.0000000e+000  2.0939482e+000
  2.0030000e+003  4.0000000e+000  1.6000000e+001  1.1281161e-002  2.1216807e+000
  2.0030000e+003  4.0000000e+000  1.7000000e+001  3.3843483e-002  2.0786616e+000
  2.0030000e+003  4.0000000e+000  1.8000000e+001  4.5124644e-002  1.9102710e+000
  2.0030000e+003  4.0000000e+000  1.9000000e+001  7.8968127e-002  1.2979584e+000
  2.0030000e+003  4.0000000e+000  2.0000000e+001  3.2317805e-001  1.5847087e+000
  2.0030000e+003  4.0000000e+000  2.1000000e+001  2.9363561e-001  2.1834656e+000
  2.0030000e+003  4.0000000e+000  2.2000000e+001  3.6050804e-002  1.9559419e+000
  2.0030000e+003  4.0000000e+000  2.3000000e+001  3.3843483e-002  2.0982359e+000
  2.0030000e+003  4.0000000e+000  2.4000000e+001  2.2562322e-002  2.3069821e+000
  2.0030000e+003  4.0000000e+000  2.5000000e+001  1.0153045e-001  2.4883418e+000
  2.0030000e+003  4.0000000e+000  2.6000000e+001  1.2751054e+001  2.1032404e+000
  2.0030000e+003  4.0000000e+000  2.7000000e+001  3.5199716e+000  1.9507094e+000
  2.0030000e+003  4.0000000e+000  2.8000000e+001  1.8794020e-001  2.5305383e+000
  2.0030000e+003  4.0000000e+000  2.9000000e+001  4.9501736e+000  2.5395739e+000
  2.0030000e+003  4.0000000e+000  3.0000000e+001  1.4531297e+001  2.0814841e+000
  2.0030000e+003  5.0000000e+000  1.0000000e+000  4.3724558e+000  1.9977432e+000
  2.0030000e+003  5.0000000e+000  2.0000000e+000  9.3128195e-001  2.1097018e+000
  2.0030000e+003  5.0000000e+000  3.0000000e+000  1.2208623e-001  2.1914569e+000
  2.0030000e+003  5.0000000e+000  4.0000000e+000  6.1924108e-002  2.5179579e+000
  2.0030000e+003  5.0000000e+000  5.0000000e+000  0.0000000e+000  2.8716063e+000
  2.0030000e+003  5.0000000e+000  6.0000000e+000  1.0225915e+000  2.3700617e+000
  2.0030000e+003  5.0000000e+000  7.0000000e+000  3.3843483e-002  2.6782837e+000
  2.0030000e+003  5.0000000e+000  8.0000000e+000  5.0642947e-002  3.0567640e+000
  2.0030000e+003  5.0000000e+000  9.0000000e+000  3.2351215e-001  2.4938794e+000
  2.0030000e+003  5.0000000e+000  1.0000000e+001  2.0846087e-001  2.3752071e+000
  2.0030000e+003  5.0000000e+000  1.1000000e+001  4.5124644e-002  2.5043117e+000
  2.0030000e+003  5.0000000e+000  1.2000000e+001  1.2936652e-002  2.4360620e+000
  2.0030000e+003  5.0000000e+000  1.3000000e+001  4.7840936e+000  1.9023227e+000
  2.0030000e+003  5.0000000e+000  1.4000000e+001  5.2803404e+000  1.6759885e+000
  2.0030000e+003  5.0000000e+000  1.5000000e+001  1.3795756e-002  1.8367358e+000
  2.0030000e+003  5.0000000e+000  1.6000000e+001  0.0000000e+000  2.1931059e+000
  2.0030000e+003  5.0000000e+000  1.7000000e+001  3.6936415e+000  2.2887740e+000
  2.0030000e+003  5.0000000e+000  1.8000000e+001  2.2272197e+001  2.6040043e+000
  2.0030000e+003  5.0000000e+000  1.9000000e+001  2.1572492e+001  2.3630090e+000
  2.0030000e+003  5.0000000e+000  2.0000000e+001  2.2498541e+000  2.2452620e+000
  2.0030000e+003  5.0000000e+000  2.1000000e+001  3.4799937e-001  2.2549267e+000
  2.0030000e+003  5.0000000e+000  2.2000000e+001  4.3672101e+000  2.6670578e+000
  2.0030000e+003  5.0000000e+000  2.3000000e+001  0.0000000e+000  3.1437042e+000
  2.0030000e+003  5.0000000e+000  2.4000000e+001  7.8239555e+000  2.7609654e+000
  2.0030000e+003  5.0000000e+000  2.5000000e+001  1.2020353e-002  2.5773735e+000
  2.0030000e+003  5.0000000e+000  2.6000000e+001  1.1281161e-002  2.7202116e+000
  2.0030000e+003  5.0000000e+000  2.7000000e+001  0.0000000e+000  3.2401900e+000
  2.0030000e+003  5.0000000e+000  2.8000000e+001  4.5124645e-002  3.5885248e+000
  2.0030000e+003  5.0000000e+000  2.9000000e+001  3.1391606e-002  3.8248378e+000
  2.0030000e+003  5.0000000e+000  3.0000000e+001  1.7873533e+000  4.2729780e+000
  2.0030000e+003  5.0000000e+000  3.1000000e+001  1.1281161e-002  4.3472693e+000
  2.0030000e+003  6.0000000e+000  1.0000000e+000  0.0000000e+000  4.3437202e+000
  2.0030000e+003  6.0000000e+000  2.0000000e+000  6.0105270e+000  3.8443952e+000
  2.0030000e+003  6.0000000e+000  3.0000000e+000  2.8810918e+000  3.8608242e+000
  2.0030000e+003  6.0000000e+000  4.0000000e+000  3.3843483e-002  4.5087833e+000
  2.0030000e+003  6.0000000e+000  5.0000000e+000  7.3630996e+000  3.7945062e+000
  2.0030000e+003  6.0000000e+000  6.0000000e+000  1.1281161e-002  3.9836045e+000
  2.0030000e+003  6.0000000e+000  7.0000000e+000  5.6405805e-002  4.5715330e+000
  2.0030000e+003  6.0000000e+000  8.0000000e+000  2.5821296e+000  4.2137430e+000
  2.0030000e+003  6.0000000e+000  9.0000000e+000  1.1281161e-002  3.4008270e+000
  2.0030000e+003  6.0000000e+000  1.0000000e+001  9.8769403e+000  3.8882017e+000
  2.0030000e+003  6.0000000e+000  1.1000000e+001  3.3843483e-002  4.3113318e+000
  2.0030000e+003  6.0000000e+000  1.2000000e+001  7.8968128e-002  4.8053464e+000
  2.0030000e+003  6.0000000e+000  1.3000000e+001  5.6405806e-002  4.5836815e+000
  2.0030000e+003  6.0000000e+000  1.4000000e+001  1.1514588e+001  3.4962498e+000
  2.0030000e+003  6.0000000e+000  1.5000000e+001  0.0000000e+000  4.0414478e+000
  2.0030000e+003  6.0000000e+000  1.6000000e+001  0.0000000e+000  4.1085925e+000
  2.0030000e+003  6.0000000e+000  1.7000000e+001  2.1060390e-001  4.1494031e+000
  2.0030000e+003  6.0000000e+000  1.8000000e+001  0.0000000e+000  4.0502336e+000
  2.0030000e+003  6.0000000e+000  1.9000000e+001  1.7986707e-001  3.9705752e+000
  2.0030000e+003  6.0000000e+000  2.0000000e+001  3.6061060e-002  4.0740216e+000
  2.0030000e+003  6.0000000e+000  2.1000000e+001  7.8968127e-002  3.5043145e+000
  2.0030000e+003  6.0000000e+000  2.2000000e+001  1.1281161e-002  4.3037525e+000
  2.0030000e+003  6.0000000e+000  2.3000000e+001  5.6405805e-002  4.5378114e+000
  2.0030000e+003  6.0000000e+000  2.4000000e+001  0.0000000e+000  4.0909126e+000
  2.0030000e+003  6.0000000e+000  2.5000000e+001  1.2020353e-002  4.0516603e+000
  2.0030000e+003  6.0000000e+000  2.6000000e+001  3.6061060e-002  4.2406253e+000
  2.0030000e+003  6.0000000e+000  2.7000000e+001  7.4830782e-002  4.1286792e+000
  2.0030000e+003  6.0000000e+000  2.8000000e+001  4.5124644e-002  4.3097470e+000
  2.0030000e+003  6.0000000e+000  2.9000000e+001  4.0248107e-002  4.2949795e+000
  2.0030000e+003  6.0000000e+000  3.0000000e+001  1.8848568e+000  3.9099098e+000
  2.0030000e+003  7.0000000e+000  1.0000000e+000  3.1453089e+000  3.3816431e+000
  2.0030000e+003  7.0000000e+000  2.0000000e+000  1.5433804e+000  3.2483410e+000
  2.0030000e+003  7.0000000e+000  3.0000000e+000  2.9024740e+000  3.3951972e+000
  2.0030000e+003  7.0000000e+000  4.0000000e+000  5.6158063e+000  3.0855733e+000
  2.0030000e+003  7.0000000e+000  5.0000000e+000  4.4122830e-001  3.2697559e+000
  2.0030000e+003  7.0000000e+000  6.0000000e+000  2.2562322e-002  3.6103079e+000
  2.0030000e+003  7.0000000e+000  7.0000000e+000  2.2562322e-002  3.8894991e+000
  2.0030000e+003  7.0000000e+000  8.0000000e+000  9.0249288e-002  3.8786544e+000
  2.0030000e+003  7.0000000e+000  9.0000000e+000  2.2562322e-002  3.9168177e+000
  2.0030000e+003  7.0000000e+000  1.0000000e+001  1.0318594e-001  4.2756789e+000
  2.0030000e+003  7.0000000e+000  1.1000000e+001  3.8809955e-002  4.4826065e+000
  2.0030000e+003  7.0000000e+000  1.2000000e+001  9.4854449e-002  3.8631989e+000
  2.0030000e+003  7.0000000e+000  1.3000000e+001  6.4036368e-002  4.2473587e+000
  2.0030000e+003  7.0000000e+000  1.4000000e+001  5.5183020e-003  4.3737980e+000
  2.0030000e+003  7.0000000e+000  1.5000000e+001  3.5257573e-002  5.0028406e+000
  2.0030000e+003  7.0000000e+000  1.6000000e+001  1.1281161e-002  5.1886989e+000
  2.0030000e+003  7.0000000e+000  1.7000000e+001  1.1893145e+000  3.6469680e+000
  2.0030000e+003  7.0000000e+000  1.8000000e+001  7.8968127e-002  4.0835437e+000
  2.0030000e+003  7.0000000e+000  1.9000000e+001  4.4659593e-002  4.6083291e+000
  2.0030000e+003  7.0000000e+000  2.0000000e+001  9.1271813e-001  4.6909324e+000
  2.0030000e+003  7.0000000e+000  2.1000000e+001  3.2052162e+000  4.1892780e+000
  2.0030000e+003  7.0000000e+000  2.2000000e+001  1.0292527e+001  4.1286329e+000
  2.0030000e+003  7.0000000e+000  2.3000000e+001  1.1281161e-002  3.9362139e+000
  2.0030000e+003  7.0000000e+000  2.4000000e+001  1.0332368e+000  3.7179904e+000
  2.0030000e+003  7.0000000e+000  2.5000000e+001  9.1770432e-001  3.7462986e+000
  2.0030000e+003  7.0000000e+000  2.6000000e+001  7.7039942e+000  3.5944819e+000
  2.0030000e+003  7.0000000e+000  2.7000000e+001  1.5785334e+000  3.6661147e+000
  2.0030000e+003  7.0000000e+000  2.8000000e+001  1.1281161e-002  3.2009347e+000
  2.0030000e+003  7.0000000e+000  2.9000000e+001  1.1281161e-002  3.3792985e+000
  2.0030000e+003  7.0000000e+000  3.0000000e+001  1.2627133e+001  2.9180262e+000
  2.0030000e+003  7.0000000e+000  3.1000000e+001  3.4582675e-002  3.2781299e+000