Year          Month         NINO34 Anomaly [C]
============================================
1950              1           -1.840
1950              2           -1.630
1950              3           -1.300
1950              4           -1.430
1950              5           -1.720
1950              6           -1.170
1950              7           -0.860
1950              8           -0.950
1950              9           -1.040
1950             10           -0.830
1950             11           -1.100
1950             12           -1.190
1951              1           -1.210
1951              2           -1.050
1951              3           -0.610
1951              4           -0.560
1951              5           -0.230
1951              6           -0.230
1951              7            0.440
1951              8            0.430
1951              9            0.690
1951             10            0.640
1951             11            0.740
1951             12            0.430
1952              1            0.180
1952              2           -0.040
1952              3           -0.010
1952              4            0.080
1952              5            0.070
1952              6           -0.360
1952              7           -0.560
1952              8           -0.470
1952              9           -0.290
1952             10           -0.250
1952             11           -0.370
1952             12           -0.150
1953              1            0.180
1953              2            0.360
1953              3            0.350
1953              4            0.400
1953              5            0.380
1953              6            0.330
1953              7            0.240
1953              8            0.230
1953              9            0.310
1953             10            0.230
1953             11            0.230
1953             12            0.300
1954              1            0.360
1954              2            0.390
1954              3           -0.120
1954              4           -0.930
1954              5           -0.850
1954              6           -0.760
1954              7           -0.910
1954              8           -1.200
1954              9           -1.450
1954             10           -1.280
1954             11           -1.070
1954             12           -1.320
1955              1           -1.130
1955              2           -0.930
1955              3           -0.950
1955              4           -1.140
1955              5           -1.250
1955              6           -1.130
1955              7           -0.980
1955              8           -1.330
1955              9           -1.190
1955             10           -2.130
1955             11           -2.450
1955             12           -2.100
1956              1           -1.390
1956              2           -0.830
1956              3           -0.710
1956              4           -0.830
1956              5           -0.680
1956              6           -0.700
1956              7           -0.910
1956              8           -1.020
1956              9           -0.920
1956             10           -0.950
1956             11           -1.100
1956             12           -0.980
1957              1           -0.580
1957              2           -0.250
1957              3            0.320
1957              4            0.550
1957              5            0.680
1957              6            0.590
1957              7            0.830
1957              8            0.820
1957              9            0.710
1957             10            0.700
1957             11            1.060
1957             12            1.400
1958              1            1.700
1958              2            1.590
1958              3            1.010
1958              4            0.550
1958              5            0.440
1958              6            0.360
1958              7            0.200
1958              8           -0.030
1958              9           -0.320
1958             10           -0.180
1958             11            0.160
1958             12            0.090
1959              1            0.470
1959              2            0.420
1959              3            0.220
1959              4            0.140
1959              5           -0.110
1959              6           -0.350
1959              7           -0.720
1959              8           -0.610
1959              9           -0.650
1959             10           -0.360
1959             11           -0.410
1959             12           -0.250
1960              1           -0.420
1960              2           -0.560
1960              3           -0.360
1960              4           -0.290
1960              5           -0.290
1960              6           -0.450
1960              7           -0.210
1960              8           -0.080
1960              9           -0.230
1960             10           -0.430
1960             11           -0.390
1960             12           -0.280
1961              1           -0.290
1961              2           -0.220
1961              3           -0.330
1961              4           -0.290
1961              5           -0.060
1961              6            0.170
1961              7           -0.120
1961              8           -0.500
1961              9           -0.850
1961             10           -0.850
1961             11           -0.530
1961             12           -0.490
1962              1           -0.550
1962              2           -0.550
1962              3           -0.530
1962              4           -0.570
1962              5           -0.680
1962              6           -0.510
1962              7           -0.350
1962              8           -0.410
1962              9           -0.750
1962             10           -0.730
1962             11           -0.850
1962             12           -0.940
1963              1           -0.810
1963              2           -0.440
1963              3           -0.010
1963              4            0.070
1963              5           -0.200
1963              6           -0.000
1963              7            0.620
1963              8            0.700
1963              9            0.640
1963             10            0.770
1963             11            0.870
1963             12            1.020
1964              1            0.760
1964              2            0.440
1964              3           -0.220
1964              4           -0.730
1964              5           -0.970
1964              6           -1.030
1964              7           -0.860
1964              8           -1.190
1964              9           -1.340
1964             10           -1.250
1964             11           -1.340
1964             12           -1.270
1965              1           -0.890
1965              2           -0.460
1965              3           -0.210
1965              4           -0.180
1965              5            0.150
1965              6            0.500
1965              7            0.740
1965              8            1.140
1965              9            1.200
1965             10            1.470
1965             11            1.560
1965             12            1.380
1966              1            1.080
1966              2            0.830
1966              3            0.890
1966              4            0.450
1966              5           -0.240
1966              6            0.080
1966              7            0.140
1966              8           -0.280
1966              9           -0.340
1966             10           -0.390
1966             11           -0.320
1966             12           -0.480
1967              1           -0.490
1967              2           -0.480
1967              3           -0.660
1967              4           -0.890
1967              5           -0.420
1967              6           -0.070
1967              7           -0.110
1967              8           -0.310
1967              9           -0.720
1967             10           -0.600
1967             11           -0.470
1967             12           -0.590
1968              1           -0.890
1968              2           -1.040
1968              3           -0.950
1968              4           -0.710
1968              5           -0.760
1968              6           -0.000
1968              7            0.330
1968              8            0.190
1968              9            0.070
1968             10            0.200
1968             11            0.650
1968             12            0.730
1969              1            0.880
1969              2            1.120
1969              3            0.690
1969              4            0.600
1969              5            0.590
1969              6            0.300
1969              7            0.020
1969              8            0.230
1969              9            0.510
1969             10            0.720
1969             11            0.610
1969             12            0.610
1970              1            0.380
1970              2            0.200
1970              3            0.020
1970              4            0.160
1970              5           -0.140
1970              6           -0.550
1970              7           -0.800
1970              8           -1.070
1970              9           -0.960
1970             10           -1.000
1970             11           -0.900
1970             12           -1.220
1971              1           -1.580
1971              2           -1.430
1971              3           -1.230
1971              4           -1.020
1971              5           -0.850
1971              6           -0.990
1971              7           -0.990
1971              8           -0.940
1971              9           -0.880
1971             10           -1.130
1971             11           -1.040
1971             12           -1.140
1972              1           -0.830
1972              2           -0.410
1972              3           -0.120
1972              4            0.130
1972              5            0.350
1972              6            0.540
1972              7            0.900
1972              8            1.170
1972              9            1.270
1972             10            1.680
1972             11            1.960
1972             12            2.120
1973              1            1.770
1973              2            1.170
1973              3            0.390
1973              4           -0.410
1973              5           -0.790
1973              6           -0.950
1973              7           -1.330
1973              8           -1.470
1973              9           -1.510
1973             10           -1.760
1973             11           -2.240
1973             12           -2.250
1974              1           -2.150
1974              2           -1.710
1974              3           -1.420
1974              4           -1.170
1974              5           -1.070
1974              6           -0.980
1974              7           -0.800
1974              8           -0.560
1974              9           -0.590
1974             10           -0.870
1974             11           -1.110
1974             12           -0.990
1975              1           -0.490
1975              2           -0.610
1975              3           -0.890
1975              4           -0.810
1975              5           -0.940
1975              6           -1.400
1975              7           -1.300
1975              8           -1.460
1975              9           -1.620
1975             10           -1.920
1975             11           -1.640
1975             12           -1.930
1976              1           -1.950
1976              2           -1.250
1976              3           -0.720
1976              4           -0.800
1976              5           -0.640
1976              6           -0.350
1976              7           -0.020
1976              8            0.160
1976              9            0.300
1976             10            0.700
1976             11            0.680
1976             12            0.480
1977              1            0.640
1977              2            0.320
1977              3            0.240
1977              4           -0.180
1977              5            0.060
1977              6            0.270
1977              7            0.280
1977              8           -0.000
1977              9            0.380
1977             10            0.590
1977             11            0.540
1977             12            0.680
1978              1            0.650
1978              2            0.340
1978              3           -0.090
1978              4           -0.540
1978              5           -0.550
1978              6           -0.530
1978              7           -0.470
1978              8           -0.700
1978              9           -0.620
1978             10           -0.380
1978             11           -0.300
1978             12           -0.200
1979              1           -0.220
1979              2           -0.220
1979              3            0.150
1979              4            0.070
1979              5           -0.170
1979              6           -0.140
1979              7           -0.330
1979              8           -0.160
1979              9            0.330
1979             10            0.220
1979             11            0.350
1979             12            0.400
1980              1            0.430
1980              2            0.200
1980              3            0.050
1980              4           -0.010
1980              5            0.070
1980              6            0.300
1980              7            0.070
1980              8           -0.310
1980              9           -0.260
1980             10           -0.270
1980             11           -0.110
1980             12           -0.100
1981              1           -0.500
1981              2           -0.700
1981              3           -0.580
1981              4           -0.480
1981              5           -0.500
1981              6           -0.340
1981              7           -0.620
1981              8           -0.680
1981              9           -0.290
1981             10           -0.260
1981             11           -0.330
1981             12           -0.220
1982              1            0.020
1982              2           -0.120
1982              3            0.030
1982              4            0.110
1982              5            0.510
1982              6            0.630
1982              7            0.370
1982              8            0.710
1982              9            1.380
1982             10            1.890
1982             11            1.980
1982             12            2.250
1983              1            2.260
1983              2            1.920
1983              3            1.430
1983              4            0.940
1983              5            0.910
1983              6            0.580
1983              7           -0.100
1983              8           -0.420
1983              9           -0.640
1983             10           -1.030
1983             11           -1.190
1983             12           -0.870
1984              1           -0.530
1984              2           -0.110
1984              3           -0.280
1984              4           -0.500
1984              5           -0.600
1984              6           -0.740
1984              7           -0.440
1984              8           -0.260
1984              9           -0.390
1984             10           -0.640
1984             11           -1.130
1984             12           -1.310
1985              1           -1.100
1985              2           -0.720
1985              3           -0.800
1985              4           -0.870
1985              5           -0.820
1985              6           -0.770
1985              7           -0.640
1985              8           -0.650
1985              9           -0.740
1985             10           -0.560
1985             11           -0.350
1985             12           -0.500
1986              1           -0.630
1986              2           -0.570
1986              3           -0.340
1986              4           -0.150
1986              5           -0.340
1986              6           -0.130
1986              7            0.100
1986              8            0.280
1986              9            0.530
1986             10            0.810
1986             11            0.940
1986             12            1.060
1987              1            1.150
1987              2            1.190
1987              3            1.160
1987              4            0.890
1987              5            0.790
1987              6            0.980
1987              7            1.240
1987              8            1.550
1987              9            1.590
1987             10            1.290
1987             11            1.200
1987             12            0.910
1988              1            0.820
1988              2            0.190
1988              3            0.120
1988              4           -0.230
1988              5           -0.940
1988              6           -1.480
1988              7           -1.620
1988              8           -1.220
1988              9           -1.110
1988             10           -1.970
1988             11           -2.010
1988             12           -2.010
1989              1           -1.980
1989              2           -1.490
1989              3           -1.210
1989              4           -0.960
1989              5           -0.740
1989              6           -0.460
1989              7           -0.480
1989              8           -0.500
1989              9           -0.360
1989             10           -0.480
1989             11           -0.440
1989             12           -0.110
1990              1           -0.050
1990              2            0.200
1990              3            0.060
1990              4            0.140
1990              5            0.170
1990              6           -0.060
1990              7            0.140
1990              8            0.230
1990              9            0.130
1990             10            0.220
1990             11            0.150
1990             12            0.280
1991              1            0.390
1991              2            0.290
1991              3            0.060
1991              4            0.310
1991              5            0.450
1991              6            0.720
1991              7            0.890
1991              8            0.800
1991              9            0.590
1991             10            0.830
1991             11            1.200
1991             12            1.630
1992              1            1.690
1992              2            1.600
1992              3            1.330
1992              4            1.260
1992              5            1.100
1992              6            0.660
1992              7            0.280
1992              8            0.030
1992              9           -0.160
1992             10           -0.390
1992             11           -0.130
1992             12            0.030
1993              1            0.200
1993              2            0.370
1993              3            0.380
1993              4            0.700
1993              5            0.790
1993              6            0.390
1993              7            0.310
1993              8            0.080
1993              9            0.310
1993             10            0.220
1993             11            0.190
1993             12            0.100
1994              1            0.070
1994              2            0.140
1994              3            0.200
1994              4            0.330
1994              5            0.360
1994              6            0.400
1994              7            0.390
1994              8            0.470
1994              9            0.420
1994             10            0.750
1994             11            1.220
1994             12            1.330
1995              1            1.070
1995              2            0.840
1995              3            0.580
1995              4            0.370
1995              5           -0.040
1995              6            0.110
1995              7           -0.040
1995              8           -0.510
1995              9           -0.620
1995             10           -0.710
1995             11           -0.910
1995             12           -0.820
1996              1           -0.840
1996              2           -0.850
1996              3           -0.600
1996              4           -0.380
1996              5           -0.260
1996              6           -0.200
1996              7           -0.260
1996              8           -0.180
1996              9           -0.390
1996             10           -0.300
1996             11           -0.300
1996             12           -0.560
1997              1           -0.580
1997              2           -0.370
1997              3           -0.200
1997              4            0.180
1997              5            0.720
1997              6            1.170
1997              7            1.580
1997              8            1.760
1997              9            2.060
1997             10            2.350
1997             11            2.390
1997             12            2.360
1998              1            2.310
1998              2            1.880
1998              3            1.330
1998              4            0.850
1998              5            0.560
1998              6           -0.280
1998              7           -0.760
1998              8           -1.010
1998              9           -1.170
1998             10           -1.330
1998             11           -1.250
1998             12           -1.570
1999              1           -1.710
1999              2           -1.250
1999              3           -0.900
1999              4           -0.880
1999              5           -0.920
1999              6           -1.030
1999              7           -1.000
1999              8           -1.110
1999              9           -1.060
1999             10           -1.170
1999             11           -1.540
1999             12           -1.720
2000              1           -1.790
2000              2           -1.600
2000              3           -1.060
2000              4           -0.810
2000              5           -0.810
2000              6           -0.720
2000              7           -0.590
2000              8           -0.470
2000              9           -0.510
2000             10           -0.670
2000             11           -0.730
2000             12           -0.860
2001              1           -0.740
2001              2           -0.580
2001              3           -0.440
2001              4           -0.410
2001              5           -0.210
2001              6           -0.080
2001              7            0.100
2001              8            0.030
2001              9           -0.080
2001             10           -0.120
2001             11           -0.260
2001             12           -0.360
2002              1           -0.180
2002              2           -0.000
2002              3            0.150
2002              4            0.200
2002              5            0.520
2002              6            0.790
2002              7            0.750
2002              8            0.730
2002              9            0.920
2002             10            1.160
2002             11            1.400
2002             12            1.400
2003              1            1.010
2003              2            0.800
2003              3            0.520
2003              4           -0.050
2003              5           -0.490
2003              6           -0.120
2003              7            0.380
2003              8            0.400
2003              9            0.280
2003             10            0.550
2003             11            0.400
2003             12            0.370
2004              1            0.240
2004              2            0.230
2004              3            0.070
2004              4            0.120
2004              5            0.120
2004              6            0.260
2004              7            0.590
2004              8            0.750
2004              9            0.770
2004             10            0.770
2004             11            0.650
2004             12            0.710
2005              1            0.640
2005              2            0.340
2005              3            0.310
2005              4            0.230
2005              5            0.390
2005              6            0.300
2005              7            0.170
2005              8            0.190
2005              9           -0.020
2005             10           -0.070
2005             11           -0.600
2005             12           -0.880
2006              1           -1.010
2006              2           -0.680
2006              3           -0.520
2006              4           -0.250
2006              5            0.000
2006              6            0.140
2006              7            0.090
2006              8            0.330
2006              9            0.490
2006             10            0.690
2006             11            1.080
2006             12            1.180
2007              1            0.710
2007              2            0.160
2007              3           -0.070
2007              4           -0.250
2007              5           -0.360
2007              6           -0.150
2007              7           -0.340
2007              8           -0.630
2007              9           -0.850
2007             10           -1.030
2007             11           -1.260
2007             12           -1.300
2008              1           -1.590
2008              2           -1.640
2008              3           -1.160
2008              4           -0.830
2008              5           -0.720
2008              6           -0.550
2008              7           -0.280
2008              8           -0.120
2008              9           -0.120
2008             10           -0.120
2008             11           -0.410
2008             12           -0.810
2009              1           -0.950
2009              2           -0.740
2009              3           -0.540
2009              4           -0.160
2009              5            0.240
2009              6            0.430
2009              7            0.530
2009              8            0.600
2009              9            0.710
2009             10            0.990
2009             11            1.540
2009             12            1.790
2010              1            1.580
2010              2            1.320
2010              3            1.000
2010              4            0.640
2010              5            0.110
2010              6           -0.460
2010              7           -0.900
2010              8           -1.300
2010              9           -1.520
2010             10           -1.520
2010             11           -1.420
2010             12           -1.410
2011              1           -1.590
2011              2           -1.150
2011              3           -0.960
2011              4           -0.600
2011              5           -0.250
2011              6           -0.050
2011              7           -0.190
2011              8           -0.390
2011              9           -0.650
2011             10           -0.800
2011             11           -1.030
2011             12           -1.080
2012              1           -0.830
2012              2           -0.670
2012              3           -0.410
2012              4           -0.270
2012              5           -0.200
2012              6           -0.000
2012              7            0.090
2012              8            0.280
2012              9            0.780
2012             10            0.580
2012             11            0.470
2012             12           -0.460
2013              1           -0.790
2013              2           -0.630
2013              3           -0.450
2013              4            0.010
2013              5           -0.120
2013              6           -0.300
2013              7           -0.330
2013              8           -0.370
2013              9           -0.270
2013             10           -0.130
2013             11           -0.190
2013             12           -0.490
2014              1           -0.640
2014              2           -0.770
2014              3           -0.480
2014              4           -0.130
2014              5            0.240
2014              6            0.110
2014              7            0.010
2014              8           -0.110
2014              9            0.170
2014             10            0.460
2014             11            0.830
2014             12            0.660
2015              1            0.540
2015              2            0.360
2015              3            0.410
2015              4            0.730
2015              5            0.860
2015              6            0.970
2015              7            1.190
2015              8            1.510
2015              9            1.750
2015             10            2.040
2015             11            2.370
2015             12            2.320
2016              1            2.240
2016              2            2.010
2016              3            1.490
2016              4            1.110
2016              5            0.620
2016              6            0.070
2016              7           -0.330
2016              8           -0.580
2016              9           -0.680
2016             10           -0.800
2016             11           -0.820
2016             12           -0.650
2017              1           -0.440
2017              2           -0.070
2017              3            0.080
2017              4            0.320
2017              5            0.490
2017              6            0.470
2017              7            0.370
2017              8           -0.140
2017              9           -0.430
2017             10           -0.520
2017             11           -0.890
2017             12           -0.940
