   2.3511410e-01
   7.4499159e-01
  -3.1579549e-01
   5.7770677e-01
   1.0257515e-01
   3.7714703e-01
   6.5592138e-01
   1.5188358e+00
  -2.0341396e-01
   9.1428676e-01
   1.8101682e+00
   9.9962760e-01
  -2.9886621e-01
   1.2010388e-01
   7.3755668e-01
   9.8448846e-01
  -4.0024356e-01
  -6.0114082e-01
  -1.0860566e+00
  -1.1923956e-01
   1.4438067e+00
   4.0375531e-01
   1.4954679e+00
  -3.0545340e-01
  -1.4013015e+00
  -1.0321897e+00
  -2.1115085e-01
   9.6449825e-01
   1.0396352e+00
  -3.4008759e-01
  -1.2702431e-01
  -3.7204831e-01
  -1.4594512e+00
  -3.5264645e-01
   8.4143753e-01
   1.3334465e+00
  -9.6911803e-02
  -1.4320087e+00
  -1.6516344e+00
  -1.2868499e+00
   3.3129298e-01
  -5.8931791e-01
   8.3987793e-01
  -3.1295218e-01
  -3.2151745e-01
   5.9417085e-01
   5.1938925e-01
  -9.0701091e-01
  -1.9177438e+00
  -3.6150619e-01
  -1.2552352e+00
  -1.7139788e+00
   3.7098544e-01
   2.5524640e-01
  -1.4233540e+00
  -8.0876293e-02
   2.5641819e-01
  -9.7000931e-01
   6.7731746e-01
  -5.3053419e-01
  -9.1025296e-01
   2.3899179e-01
  -8.5726029e-01
  -2.9889861e-01
   3.8753511e-01
  -9.1815323e-02
   5.6212211e-01
   1.4981113e+00
   6.0288662e-01
   4.9984173e-01
   2.7430444e-01
   2.7507318e-01
   4.1136710e-01
   1.3855132e+00
   1.5688451e+00
   1.6665748e+00
   6.4982756e-01
  -1.1200975e-01
   9.1044493e-01
   1.5224698e+00
   1.8607138e+00
   2.1099277e+00
   1.8754895e+00
   1.8333796e+00
   6.9510367e-01
  -1.0551293e+00
   3.8147287e-01
  -8.3528013e-02
   1.0831086e-01
  -1.9847690e-01
   1.2795683e-01
   1.5805482e+00
   5.7978673e-01
   5.7961036e-01
  -7.0590388e-02
  -1.1412920e+00
  -6.8932865e-01
  -3.6062469e-01
  -7.6906414e-01
   7.4569867e-01
   6.6109297e-01
   3.1885535e-01
  -2.9742761e-01
  -2.5925486e-01
   4.4701065e-01
  -6.4336683e-01
   3.8647090e-01
  -3.8626110e-01
  -1.2412907e+00
   4.2761577e-01
   9.3746881e-01
   4.1759103e-01
   1.2528008e+00
   1.5918196e+00
   1.4548555e+00
   8.3576610e-01
   4.5873200e-01
  -3.1468652e-01
  -1.5951583e+00
  -2.1340316e+00
  -2.0330362e+00
  -1.2177609e+00
  -1.0386749e+00
   6.8690964e-01
  -7.8536019e-01
  -1.1805291e+00
  -2.3163048e+00
  -8.6330907e-01
  -1.7143321e+00
  -2.1258257e+00
  -8.8143507e-01
  -1.3246609e+00
   4.5148776e-01
   7.4627592e-01
  -9.3124713e-01
   4.8517087e-01
  -6.2941904e-01
  -1.1686430e-01
   1.2181585e+00
  -3.2957752e-01
  -5.6454124e-01
  -1.0347330e+00
   5.9794032e-01
   1.5146877e+00
   6.9586448e-01
   1.3867930e+00
  -5.1427056e-01
  -6.7006830e-01
  -1.4234900e+00
  -1.8645883e+00
  -3.9909641e-01
   4.3399279e-01
  -7.4395250e-01
  -1.2564619e+00
   2.8695658e-01
   2.3528954e-01
  -7.4454876e-01
  -2.6871362e-01
  -4.2310548e-02
   4.7766788e-01
   6.3100615e-01
   1.6312775e+00
   5.6055203e-01
   5.9004766e-01
   7.2951439e-01
   1.0791439e+00
   1.1692716e+00
  -4.1105329e-01
  -1.4298740e+00
  -1.8832578e+00
  -1.5717023e+00
  -1.5023820e+00
  -2.0818599e+00
  -5.6173746e-01
  -1.7989680e+00
  -1.4888375e+00
  -1.6792432e+00
   1.5473993e-01
   1.3548976e+00
  -3.6774406e-01
   5.5798705e-01
  -6.8660111e-01
   4.1802001e-01
   1.4814020e+00
  -1.9526352e-01
   4.3344102e-02
   4.8704741e-01
   6.0728265e-01
  -1.9179237e-02
  -1.7352456e-01
  -3.8658643e-02
   1.0862596e+00
   6.3904611e-01
  -1.1808859e-01
  -2.1128684e-01
  -3.4267830e-01
  -1.7628011e+00
  -6.5993363e-01
  -6.6776307e-01
   1.2555279e-01
   1.5403379e+00
   1.0461028e+00
   1.2140716e+00
  -3.7814985e-01
   1.2350860e-01
  -7.1488776e-01
   1.9428136e-01
   7.1913506e-01
   1.2060948e+00
   2.1707053e+00
   2.5117433e+00
   2.5829377e+00
   2.9002057e+00
   1.8875194e+00
  -1.4953820e-01
   2.8912525e-02
  -9.9067632e-01
  -1.9363580e+00
   1.3206832e-01
   8.4614460e-01
   8.2025330e-01
   4.6475296e-01
   1.1736556e+00
   1.5192455e+00
   1.0769522e+00
  -1.4193513e-01
  -9.2158066e-01
  -2.0047749e+00
  -9.7710183e-01
  -1.2592161e+00
   4.2313296e-01
   1.1457350e+00
   1.3251936e-01
   5.0459236e-01
   1.1140486e+00
   1.3282696e+00
  -8.2868199e-01
   1.4476246e-01
   1.1792438e-01
  -3.6479774e-01
  -1.0764332e+00
  -1.6228013e+00
  -1.1773798e+00
   6.1372595e-01
  -7.8391376e-01
  -7.4371414e-01
  -1.2183385e+00
  -3.5111462e-01
   7.1854579e-01
  -5.4371758e-01
  -1.0451892e+00
   6.4357721e-01
   5.3102052e-01
   6.6722873e-01
  -5.6192050e-01
   4.7646060e-01
   4.4039475e-01
   2.4788016e-01
   9.1143261e-04
   1.4365877e+00
   1.4864660e+00
   3.1822173e-01
   1.4488520e+00
   1.4584406e+00
   6.8618645e-01
  -1.1523426e+00
  -2.7857123e-01
  -1.5361127e-01
   1.1238724e+00
   1.9511856e+00
   2.0670632e+00
   1.9106674e+00
   1.9855726e-01
   2.5836376e-01
   1.1041810e-01
   6.8620833e-01
   1.1894671e+00
   9.1186417e-01
  -3.5660028e-01
  -8.5403322e-01
  -1.3248614e+00
  -1.1202546e+00
   6.3610538e-01
   5.4052878e-01
  -6.3657929e-01
  -8.0528545e-01
  -6.2381998e-01
  -4.9800118e-01
  -9.7024394e-01
  -1.0298847e+00
  -6.1486038e-02
   1.0139177e-01
  -1.0343990e+00
   6.6678993e-01
   6.4266590e-01
   1.0014607e+00
   1.3856598e+00
   1.5047879e+00
   3.4404569e-01
   5.4975794e-01
   1.0075894e+00
   1.3579540e+00
   1.9887386e+00
   1.8279706e+00
  -1.0989087e-01
  -7.2035012e-01
  -1.9474349e-02
  -7.3387783e-01
  -8.9780090e-01
  -1.1660051e+00
  -2.1320680e-01
   3.9469041e-01
  -4.5257006e-01
   4.2999604e-02
   3.2383580e-01
  -9.0608809e-01
   2.7592293e-01
   1.5909145e-01
  -5.0009918e-01
  -6.9586758e-01
  -9.9558417e-02
  -4.8204102e-01
  -1.0876777e+00
   1.8663232e-01
  -7.2150942e-01
  -3.2687629e-01
  -1.6024306e+00
  -6.4996574e-01
   4.7049701e-02
   1.0267872e+00
   1.7720028e+00
   2.1358403e-01
  -5.2758020e-01
   3.3961002e-02
   8.9549693e-01
   1.0248173e+00
  -5.5796188e-01
   4.1309471e-02
   1.3258421e+00
   6.0036147e-01
   1.3529669e+00
   1.3233704e+00
   4.9622439e-01
  -3.9274102e-01
  -9.8884423e-02
  -1.2085282e+00
  -1.1805218e+00
  -2.1624330e+00
  -3.4429954e-01
  -6.9558093e-02
   1.3707143e+00
   1.0415041e+00
  -4.8661504e-02
   4.4486677e-01
   1.3073867e+00
   1.2722201e+00
   9.2642377e-01
   9.2212923e-01
  -8.0674970e-01
   5.4341115e-01
   2.7749588e-01
  -7.0895609e-01
   2.4561630e-01
   1.1703140e+00
   1.3256518e-01
  -5.4324963e-01
   5.8657429e-01
   1.0599234e+00
   6.2853281e-01
  -5.4038803e-01
   1.0617084e+00
   2.6021535e-01
  -7.1771286e-01
  -2.5892931e-01
  -3.0715290e-02
   7.1589075e-01
   6.3660734e-01
   8.6776650e-01
   1.3895509e+00
   4.3826573e-01
   1.7412016e+00
   6.0852350e-01
  -8.3751444e-01
  -3.7317346e-02
   5.9462485e-01
   4.6953053e-01
   6.0855228e-01
  -1.6214664e-01
   3.1477102e-01
   1.0965942e+00
   1.1869430e+00
  -4.6046158e-01
   9.7950085e-01
   8.9015240e-01
  -3.4720254e-01
   1.5527930e-01
  -2.9261721e-01
  -1.1923555e+00
  -1.5506171e-01
  -1.1359712e+00
   1.5929599e-01
  -7.1233730e-01
  -1.6510773e+00
  -1.1104142e+00
  -1.5902017e-01
  -8.9340048e-01
  -2.1025275e+00
  -2.6954937e+00
  -2.7803838e+00
  -2.3265241e+00
  -2.4440848e+00
  -1.4810462e+00
   1.3389920e-01
  -7.3256229e-01
   4.1636724e-01
   2.1595566e-01
   6.3688537e-01
   4.3050539e-01
  -1.1052948e+00
   4.2344438e-01
  -3.4669330e-02
   4.2428352e-01
  -7.3625958e-01
  -1.7797205e+00
  -1.0929164e+00
  -1.2031260e-01
   5.6007203e-02
  -1.1883671e+00
   1.7952047e-01
   1.2679296e+00
   2.2518577e+00
   1.9356860e+00
   1.3872455e+00
   1.3136793e+00
  -6.5860817e-01
  -6.7597907e-01
  -7.2510124e-01
  -4.1063538e-01
  -1.3875845e+00
  -1.6747782e+00
  -9.3712337e-01
   8.2235732e-01
   1.1597222e+00
   1.6778831e+00
   4.3515604e-01
   1.0028220e+00
   3.1375400e-01
   1.2611394e+00
   1.9726693e+00
   1.2444362e+00
  -3.4811160e-01
   1.1711408e+00
   1.2443482e+00
  -1.9381778e-01
   9.4786382e-02
  -2.8924271e-01
  -4.5669335e-01
  -1.1746582e+00
   5.7192029e-01
   6.6444682e-01
   1.2923140e+00
   3.8840176e-01
  -8.1165445e-01
  -1.7959438e+00
  -1.7042937e+00
  -2.4621662e+00
  -2.3686400e+00
  -1.3466174e+00
  -2.0988140e+00
  -1.2111908e+00
   7.8243863e-01
   4.6531243e-01
  -3.4890560e-01
   4.6472124e-01
  -2.3699810e-01
  -4.2972815e-01
  -1.3491986e-01
  -1.4232634e+00
   3.0367220e-01
  -6.2654033e-01
   3.5596435e-01
   1.3224297e+00
   4.4246108e-01
   1.0514674e+00
  -8.6649351e-01
  -1.9403016e+00
  -1.0289573e+00
  -1.0039325e+00
  -6.3584362e-01
  -1.7417291e-01
   4.1261556e-01
   1.1024848e+00
   1.9779998e+00
   9.1548363e-01
   2.8225427e-01
  -6.4711142e-01
   5.4276378e-01
   4.9653167e-02
  -9.0872040e-01
  -1.1041712e+00
  -1.5021005e-01
   1.4027699e+00
   3.9349317e-01
   6.7091673e-01
   1.2146652e+00
   4.9073028e-01
  -6.2924922e-01
  -4.8546646e-01
  -2.6627090e-01
   4.2515328e-01
   4.8897709e-01
   1.6976489e-01
   2.1998662e-01
   9.9127306e-01
   8.9362707e-01
  -1.0538562e-01
   9.9508228e-01
   1.3065229e+00
   1.5029869e-01
  -1.1614997e+00
   2.0965744e-01
  -3.6269600e-01
  -8.5872447e-01
   2.2784412e-01
  -1.7281008e-01
   2.0575252e-01
   3.3906032e-01
   6.2015311e-01
  -8.2555791e-01
  -6.5932388e-01
  -4.5161675e-01
  -3.0657413e-01
   2.0505698e-01
  -1.0063385e+00
  -1.1639401e-01
   1.7196608e-01
  -2.3014874e-01
  -1.6502147e+00
  -1.8348544e+00
  -1.9861608e+00
  -2.1625658e+00
  -1.6092778e+00
  -2.1898976e+00
  -5.6069255e-01
  -1.3409045e+00
  -9.5669030e-01
   2.0390002e-02
  -2.0926454e-01
  -1.3814322e+00
  -3.9097651e-01
   4.1710476e-01
   8.7565588e-01
   1.6176186e-01
   1.1970363e+00
  -4.1677316e-01
  -4.2640947e-02
   4.7807523e-01
  -6.5867168e-01
  -1.4781910e+00
  -8.2433605e-01
  -1.6484465e+00
  -1.4620349e+00
   5.8000781e-02
  -8.2717750e-02
  -4.2433021e-01
   5.8775540e-01
  -1.1559777e+00
   1.0867256e-01
  -1.8551916e-01
  -1.1786007e+00
  -1.0794136e+00
  -1.5912966e+00
  -1.3633332e+00
  -8.1058163e-01
  -2.4246025e-02
  -3.6888361e-01
   2.1068728e-01
  -1.2329459e+00
  -1.5187324e+00
  -1.6530448e+00
  -8.5466031e-01
   4.2215661e-01
   5.3787549e-01
  -7.0945655e-01
  -6.5432145e-01
  -4.5741525e-01
  -1.3631764e+00
  -1.2531483e+00
  -1.2700573e+00
  -7.7999553e-01
   3.2177500e-01
   4.4003115e-01
   9.1886886e-01
   5.7159667e-01
  -6.0419771e-01
   9.2152280e-02
  -9.3681357e-01
  -1.5832065e+00
  -2.0654153e+00
  -3.9170842e-01
   1.0650895e+00
   1.2960232e+00
   1.3375482e+00
   6.0526982e-01
   9.9248959e-01
   4.8776987e-01
   1.1388116e+00
  -1.1304821e-01
  -5.2215857e-01
   2.1393479e-01
   1.6453680e+00
   2.4655743e+00
   1.6361318e+00
   1.6192431e+00
   4.8030752e-01
  -1.3092818e+00
  -1.7656130e+00
  -6.0164712e-01
  -1.5910669e+00
   4.7385464e-02
   1.6830756e-01
   2.5093077e-01
   1.4440752e+00
   6.5679153e-01
   1.5177002e+00
   1.1021914e+00
   1.0963749e-01
   1.1388511e+00
   1.8521596e+00
   9.6999829e-01
   8.8324555e-01
   1.1730199e+00
   1.1660992e+00
   4.5419871e-01
   6.6059825e-01
  -7.1980193e-01
  -1.8021904e+00
  -7.9426475e-01
   1.5089646e-01
   8.4804049e-01
  -6.7138703e-01
   1.1674002e+00
   2.1342257e+00
   1.0317992e+00
  -8.2891262e-01
  -9.8474682e-01
  -1.9212478e+00
  -1.6549921e-01
   1.4450667e-01
   1.3154323e+00
   8.2308358e-01
   2.0111305e+00
   1.1615560e+00
   1.5087384e+00
   1.4815566e-01
  -1.2935883e-01
  -5.4354111e-02
  -1.0594056e-01
  -8.0788322e-01
  -1.1892355e-01
  -6.6205547e-01
  -1.3074219e+00
  -1.3367364e+00
  -4.9252149e-01
  -4.5600224e-01
  -3.6939732e-01
   1.6022779e-01
   7.2910544e-01
   1.7128348e+00
   2.4807467e+00
   2.5105634e+00
   2.1905475e+00
   2.1298526e+00
   2.1049101e+00
   1.2173244e+00
  -7.4706022e-01
  -1.8491911e+00
  -2.2840974e+00
  -4.0182878e-01
  -5.1986016e-01
  -5.9156756e-01
   7.9021521e-02
  -7.8902946e-01
  -1.3287320e-01
  -1.2755183e+00
  -9.4176380e-01
  -4.4173012e-01
  -1.3859000e-01
  -1.4365420e+00
   2.8446454e-01
   1.3352521e+00
   6.9348304e-01
   6.4447259e-01
   1.4263720e+00
   4.0543273e-01
  -7.4952175e-01
  -1.0363228e+00
   1.4145795e-01
   1.9549956e-01
  -9.2610434e-01
  -1.4753147e+00
  -8.0393102e-01
   6.7959620e-01
   3.6105763e-02
  -3.4721140e-01
  -1.5808857e+00
  -2.0570777e+00
  -8.2815637e-01
  -1.8191807e-01
  -8.8065837e-02
   1.2753624e+00
   2.1122191e+00
   7.2414418e-01
   6.0691210e-01
   1.2193177e+00
  -1.2893047e-01
  -7.8437291e-01
  -1.3889981e+00
   4.8776697e-01
  -4.8919817e-01
  -1.4532444e+00
  -2.0428670e+00
  -7.4566896e-01
  -5.5274138e-01
  -2.6653957e-01
  -2.8391147e-01
   4.6574955e-01
  -6.1896715e-01
  -1.4892070e+00
  -8.8094282e-01
  -9.2734491e-01
   1.8525953e-02
   3.7169888e-01
   3.4915501e-01
  -1.3135128e+00
   1.2001284e-01
  -1.0447284e+00
  -6.7367611e-02
   8.1236965e-01
   1.7093741e+00
   1.5632897e+00
   9.9564310e-01
  -3.8008822e-01
  -9.7699911e-01
  -6.9885816e-01
  -2.0384772e+00
  -1.4830008e+00
   2.7185330e-01
  -9.2883328e-01
  -1.3321165e-02
   6.0782070e-01
  -6.4763805e-01
   9.3247954e-01
   6.8206273e-01
   4.6312338e-01
  -1.0053786e+00
  -1.2716882e+00
  -8.7190965e-01
  -1.3002157e+00
  -1.4345191e-01
  -2.6630624e-02
   1.1628369e+00
   1.9168076e+00
   2.0443883e+00
   3.2568504e-02
   7.4749476e-02
   4.4393641e-01
   1.3639430e+00
   1.5548161e+00
   2.1808678e+00
   2.5009830e+00
   3.0418315e+00
   1.7015179e+00
   2.2358897e+00
   6.5931303e-01
   8.6756101e-01
  -8.4929481e-02
  -1.0868985e+00
   5.7505383e-01
   1.0935119e+00
   8.0828238e-01
   1.0824683e+00
   1.2356106e+00
   1.3930009e+00
   1.3651041e+00
   1.8067555e+00
   1.7136194e+00
   2.0830380e-01
   1.3865511e+00
   2.2232806e-01
   3.4042151e-01
  -2.7554650e-01
   3.2515732e-01
   2.6508716e-01
  -9.9953860e-01
   4.7055734e-01
  -9.7909828e-01
   3.7202246e-01
   1.3727438e+00
   1.3331543e+00
   1.5229545e+00
   1.3149085e+00
   8.3728641e-01
  -8.1902552e-01
  -1.2253336e+00
  -2.1080660e-01
  -6.5335833e-01
  -1.0167402e+00
   4.3447218e-01
  -7.4818723e-01
  -4.7438058e-01
  -9.7094889e-01
  -1.8422725e+00
  -2.4035559e+00
  -1.1438384e+00
  -1.0551099e+00
  -1.6574561e+00
  -6.4283739e-01
   5.9173759e-01
   1.6943750e+00
   1.5896509e+00
   1.6059576e+00
   1.6859567e+00
   1.6809221e+00
  -7.4362118e-03
  -1.0506203e+00
  -2.1927768e+00
  -1.4648668e-01
  -7.3888089e-01
  -1.6714235e-01
   9.5983718e-02
  -3.8891991e-01
  -4.8193077e-03
  -1.6662280e-01
  -9.1797631e-01
  -1.2814864e+00
  -2.1028436e+00
  -6.5447999e-01
  -3.7885184e-01
   5.2314980e-01
   3.0967154e-01
   1.5829192e+00
   1.8549422e+00
   6.9102028e-01
  -9.5264158e-01
   2.0544986e-01
   1.1573040e+00
   1.5089690e+00
  -1.6245203e-01
  -7.9887963e-01
   9.6536079e-01
   5.9726485e-01
  -7.0934349e-01
   6.3091775e-01
   2.9784860e-01
  -1.0019116e-01
  -3.8884455e-01
   7.8620614e-03
  -1.1778906e+00
   1.0443582e-01
   8.7706046e-01
   2.0340909e+00
   1.3267073e+00
   7.1964063e-01
  -6.9547360e-01
  -3.1430752e-01
  -7.0122447e-01
   4.5989916e-03
   1.0591608e+00
  -1.3834240e-01
   6.4818079e-01
   1.9579321e+00
   8.8468155e-02
  -2.2123692e-01
   1.2571630e-01
  -9.2724262e-01
  -2.1520616e+00
  -1.1582102e+00
  -2.5504777e-01
   1.1290631e+00
   1.0402390e-01
  -6.6106299e-01
   5.5846929e-01
  -8.6695743e-01
  -1.1037463e+00
  -1.6349546e+00
  -2.0107714e+00
  -9.5381703e-01
  -1.6207611e+00
  -1.3579895e+00
  -6.2819228e-01
  -5.7662730e-01
  -4.7451026e-01
  -1.7481964e-01
  -1.1289455e+00
  -1.4499572e+00
  -1.8700993e+00
  -1.9942142e+00
  -2.3592067e-01
   1.2528272e+00
   1.4342062e+00
   5.5535864e-01
   3.3788790e-01
   2.0701794e-02
   8.1812532e-01
  -1.1124125e+00
  -7.7760755e-01
  -1.5953111e+00
  -2.3885558e+00
  -7.3180640e-01
  -1.1987258e-01
  -1.0040417e+00
  -9.8013348e-01
  -1.8068307e+00
  -4.9442543e-01
  -1.4058092e+00
  -1.7049521e+00
  -1.4020836e+00
  -9.2074961e-01
   1.9469092e-01
  -8.1350045e-01
  -5.6085622e-01
  -1.0240674e+00
   5.5307602e-01
   1.4694632e+00
   1.0830572e-01
  -1.0779230e+00
  -1.4072374e+00
  -2.5995569e-01
  -1.0961349e+00
  -1.7987254e+00
  -1.1781501e+00
  -1.7440902e+00
  -9.7097062e-01
  -2.1245779e+00
  -2.4242460e-01
  -4.7796450e-01
  -9.9475713e-02
  -1.2838978e+00
  -3.8028507e-01
   7.1703083e-01
   3.5625521e-01
   6.7403126e-01
   1.2706227e+00
   1.3309534e+00
   3.6770723e-02
  -1.1571000e+00
   4.2663483e-01
   1.5701335e+00
   2.2989147e+00
   1.4659712e+00
   1.4977287e+00
   6.5898827e-01
  -5.2833731e-01
  -6.3417312e-01
  -1.9102378e+00
  -1.5824022e+00
  -1.7083534e+00
  -2.8261823e-01
  -7.5231915e-02
  -7.8482648e-01
   2.9190174e-02
  -5.0207591e-01
   3.7931631e-01
  -2.9333787e-01
  -1.6616448e+00
  -4.0463100e-01
  -5.6607239e-01
   1.5419038e-01
   7.0453925e-01
   1.2064003e+00
  -2.1896217e-01
  -5.3655510e-03
   2.7524434e-01
   1.1174682e+00
   1.5058319e+00
   1.3045664e+00
   1.5004985e+00
   1.9429019e+00
   2.6196503e+00
   2.9672710e+00
   8.8404144e-01
   6.4944346e-01
   3.9256643e-01
  -7.8561898e-01
  -1.5057506e-01
   7.4094523e-01
  -3.2076175e-01
  -1.5345096e+00
  -9.6867266e-01
  -1.2044273e+00
  -1.0499881e+00
   6.4891852e-01
   5.1870993e-01
   5.9046925e-01
   5.6685327e-01
   1.0462270e+00
   6.4815306e-01
   1.1375245e+00
   2.0489480e+00
