-5.119807250560030054e-01
-6.513654024284981636e-01
-8.813752765027471625e-01
1.282335436731239620e+00
3.920496750950165366e-01
-7.077637200601997192e-01
-1.873624303917555078e+00
2.368813901274108014e-01
-8.135457068666938074e-01
-7.363573692395389836e-01
-9.906515111183660238e-01
-6.275816811088291702e-01
1.606245592556405866e+00
1.782578011792407047e+00
5.270734354955572964e-01
8.435110592294775556e-01
-8.438951034547209629e-02
-1.250081192775193584e+00
7.341179408204047407e-02
3.960440700123536439e-01
-4.491892510444593922e-01
-1.439951166883421674e-01
-1.159289428480916317e+00
-1.356822934121179935e+00
-7.910385228929027734e-01
4.595470460088165177e-01
-2.490786274597160954e+00
-1.266051829028198350e+00
-5.682567890358690699e-01
-9.574085543449030178e-01
-4.952084848193645805e-01
2.226549974779559737e-02
-1.148228990603586075e+00
-8.218366415847891959e-01
-5.072590198721111943e-01
1.787469125342302956e+00
7.721899181358808928e-01
2.468635026894881790e+00
8.084121635290771879e-01
6.120150935285151306e-02
1.453932554230999985e+00
5.884072109426110586e-01
-7.047798968621814542e-01
-4.907983968445198131e-01
4.763206695146504077e-01
1.078416773177107268e+00
-5.023158105740970214e-01
-4.545541755679733537e-02
1.129287692786684172e+00
-4.680811938528988136e-01
-7.648854930155871701e-01
-5.622951386064953816e-01
1.830984387025520466e-01
1.828811319029190585e+00
-1.518287904787805509e+00
-1.123426690130401751e+00
-5.966721398195193871e-01
-6.883558592828372680e-01
-4.170888774773665597e-01
-5.994835734816670314e-01
4.988046564469519190e-02
7.802391729194486647e-01
4.685375452416114528e-01
2.664071265527868104e-01
-9.961745215105681783e-01
-8.830441197533984710e-01
-1.911724776039694373e-02
8.489878775428904012e-01
3.591463313918610845e-01
2.252758911506790973e+00
-5.280372396995031137e-01
-2.212293637305741412e-01
7.415196790581195518e-01
-9.107690321541220824e-01
-1.539327472351226245e+00
-2.509385547889833590e-01
-6.387795098754827094e-01
-1.421434111800224276e+00
-9.655688317126280840e-01
1.999676472132709548e-01
-2.705615865222052996e-01
-3.929236493697962351e-01
8.731672254769478059e-01
8.102747659586256868e-01
4.162885097513443489e-01
3.750364453331307968e-01
-1.398983124886249707e-01
1.670945239093901344e-02
-1.103333832493346850e-01
-1.515112342184128380e+00
-8.035755003175945044e-01
-3.804836700877572975e-01
-4.576674888021269871e-01
-1.064123870942558669e+00
-9.849537725390355991e-02
1.128544958594792869e+00
1.242813637793278136e+00
2.010760201496448740e+00
-3.821798502154161864e-02
3.425707856110657423e-01
2.418456865552716731e-02
-1.478113308807199822e+00
-1.416993720855028283e+00
-1.144930547016064004e+00
-5.251751549050975854e-01
-1.238625541997922852e+00
-1.468651877345804824e+00
2.061038734381205606e-01
-7.940152358261691468e-02
-7.180141101985900720e-01
-1.307313427818427298e+00
-3.498239199871908123e-01
-5.902072888078335050e-02
-2.666064997901861355e-01
2.022355416737627642e+00
2.079599852895738898e+00
7.156262389722595207e-01
-6.510532327222328108e-01
8.159571956048049524e-01
7.319431379937078042e-01
7.889000170224043096e-01
6.457240426785577636e-01
1.343454307074432919e+00
-5.332731503995971102e-03
1.019157555195756126e+00
1.125823841607027420e+00
-2.337269152591610333e-01
1.475703813498031147e+00
1.732947807910688587e+00
1.703128716713111501e+00
1.828922693022923263e-02
4.698684103370287524e-02
1.395066334530277397e+00
-7.011634063517081517e-01
-5.009902995892829836e-01
-3.707636062018270229e-01
4.932591910002999125e-01
1.901050051117248563e+00
1.431592975565296744e+00
1.936488973500309241e+00
-4.663103441701131890e-01
-1.418522808750966702e+00
-1.184143066651560883e+00
6.038987866623694023e-01
-1.007923101112257580e+00
-1.438504014682591592e+00
5.246121406898730521e-01
6.144784799024892614e-03
-1.029747256972153302e-01
4.788947799434414149e-02
4.274536516909526740e-01
-7.633799385167434892e-02
6.567905380481205979e-01
1.053454750703277876e+00
1.549243327119004032e+00
6.293859749895883704e-01
6.676206311384181857e-01
2.176148414921051710e+00
1.500017594584625247e+00
2.290159898622221302e-01
-4.619289447085616618e-01
-1.925093003787456958e+00
-1.617325926852152040e+00
-2.109489972881136918e-02
-4.644360425882998467e-01
-1.407795043566403004e-01
-9.118012355594748986e-01
4.361626001846138911e-01
-2.904206335810177175e-01
1.404289285435756707e+00
-1.460276539789372996e-01
9.849716900207443337e-02
1.444406530400335953e+00
-4.860466736884915678e-02
1.427685086486143673e+00
1.656098765094029535e+00
1.610952072051353046e+00
7.038251491154957629e-01
2.026444832765003312e+00
1.824595938123925176e+00
1.715827946840055240e+00
5.769620419237817543e-01
7.078012660366507225e-01
8.956392569342358501e-02
1.343852237001606165e+00
5.744396137051261952e-01
1.523822811709160119e+00
4.942161346843859104e-01
4.813726996784090661e-01
1.037873699645644465e-02
-7.945199670796994074e-01
-8.386848271815362521e-01
-5.976199468130343195e-01
-4.263632986197672947e-01
2.835229048221749037e-01
-6.522910772402186197e-01
1.456481653320743641e+00
1.897198237977026469e+00
7.580349824312184737e-01
-4.766765375227932089e-01
2.618034255710258718e-01
-2.966109103794988933e+00
-1.156331653842358698e+00
-8.640774557361960984e-01
-6.587707662023635224e-01
9.408354384687908079e-01
-7.095462260641098862e-01
-4.593462378372632493e-01
-1.059897383128283854e+00
1.287781103075657553e-02
9.912963148108177025e-01
3.560962069646482764e-01
-9.831254830808152656e-01
1.353980978761020193e-01
-1.216140764719168876e+00
2.170262144610760890e-01
1.720846979547567823e-01
1.351033039895564336e+00
1.348576887021283088e+00
-4.942443233088062438e-01
6.890102829040434251e-02
1.855840134443849099e-01
9.749274222669334078e-01
-4.102951129940686781e-01
-2.631009732346447638e-01
5.550672614190703680e-01
4.328555137157292787e-01
4.952193049027561744e-01
-1.773387307939258972e-01
1.160585890162485034e+00
6.380943888089248006e-02
8.017530827954063577e-01
1.772565721410935269e-01
1.289541699623702575e+00
8.475871628037943972e-02
-7.939195744180377323e-02
-1.372351855201307869e+00
-2.241411422600313674e+00
-7.907060485888750545e-01
-3.591257216330183133e-01
-2.338120501269861096e-01
-4.631569948407531223e-01
-1.403416608874807681e+00
-2.417868429339827818e-01
3.077393533238836354e-01
1.457703591352631056e+00
-8.992540396411019543e-01
-2.924349590336803306e-01
-1.263879199857802060e+00
-2.795077253240553006e+00
-1.836600788652223537e+00
-1.829476108560454728e+00
-1.586387534701191537e+00
-5.550957652279225885e-01
-5.610392107831192465e-01
4.366413483554288377e-01
-2.291561038955243212e-01
-1.268165521893783287e+00
-2.909866264121779844e-02
2.063033672415541253e-01
-2.541361974832431758e-01
-1.180614303565608036e+00
-1.208762436494763559e+00
-5.462828962222643359e-01
-1.161668793154670531e+00
6.396158350230415346e-01
-4.592826168018083743e-01
-1.566476545109192486e-01
1.317502704930487711e+00
2.351104053539022909e-01
-2.386371616721651712e-01
