Year        Month      SPMM Index (std)
------------------------------------------
1950            1         1.884
1950            2        -0.418
1950            3        -0.628
1950            4         0.016
1950            5        -0.040
1950            6         0.374
1950            7         1.683
1950            8        -0.980
1950            9         0.755
1950           10        -0.262
1950           11        -0.766
1950           12        -0.572
1951            1         0.269
1951            2        -0.405
1951            3        -0.225
1951            4         1.386
1951            5         3.087
1951            6         1.247
1951            7         0.150
1951            8         2.307
1951            9         0.970
1951           10         0.896
1951           11        -0.458
1951           12         0.797
1952            1         0.274
1952            2        -0.571
1952            3         0.437
1952            4         2.338
1952            5         0.645
1952            6        -0.781
1952            7         0.056
1952            8        -0.759
1952            9         1.677
1952           10        -0.042
1952           11         0.202
1952           12         1.748
1953            1         0.791
1953            2         1.665
1953            3        -1.419
1953            4         0.226
1953            5        -0.206
1953            6        -1.439
1953            7         0.937
1953            8         1.717
1953            9         0.727
1953           10        -2.138
1953           11        -0.977
1953           12        -0.458
1954            1        -1.432
1954            2        -1.862
1954            3        -0.842
1954            4         0.035
1954            5        -1.229
1954            6         2.473
1954            7        -0.874
1954            8         1.100
1954            9        -1.378
1954           10        -0.644
1954           11        -0.221
1954           12        -0.969
1955            1         0.352
1955            2        -1.669
1955            3        -1.456
1955            4        -1.236
1955            5         0.580
1955            6         1.383
1955            7        -1.089
1955            8        -1.176
1955            9        -0.563
1955           10         0.765
1955           11         2.107
1955           12         0.219
1956            1        -0.887
1956            2        -0.832
1956            3        -0.973
1956            4        -0.551
1956            5        -2.295
1956            6        -1.751
1956            7         0.497
1956            8         0.769
1956            9        -0.360
1956           10        -1.231
1956           11         0.016
1956           12         1.384
1957            1         0.844
1957            2        -1.265
1957            3        -0.450
1957            4        -0.030
1957            5         1.544
1957            6         0.984
1957            7         1.361
1957            8         0.533
1957            9        -0.978
1957           10         1.006
1957           11         1.627
1957           12        -0.159
1958            1         0.093
1958            2        -2.056
1958            3        -0.159
1958            4         2.058
1958            5         1.051
1958            6         0.131
1958            7         0.336
1958            8         0.048
1958            9        -0.801
1958           10        -1.213
1958           11        -1.046
1958           12         0.340
1959            1        -1.412
1959            2        -1.047
1959            3        -0.341
1959            4        -0.012
1959            5         1.191
1959            6         0.720
1959            7         1.914
1959            8        -1.625
1959            9         0.071
1959           10        -1.143
1959           11        -0.129
1959           12        -1.046
1960            1         1.155
1960            2        -0.277
1960            3         1.126
1960            4         1.062
1960            5         0.436
1960            6        -0.680
1960            7        -0.202
1960            8        -0.756
1960            9        -1.561
1960           10        -1.548
1960           11         0.683
1960           12         0.942
1961            1        -0.143
1961            2        -1.527
1961            3         0.368
1961            4        -1.234
1961            5         1.264
1961            6         0.642
1961            7         1.734
1961            8        -0.130
1961            9        -1.422
1961           10        -0.984
1961           11        -0.904
1961           12        -0.768
1962            1        -1.115
1962            2         0.741
1962            3         0.758
1962            4        -0.979
1962            5         0.216
1962            6         0.606
1962            7        -0.588
1962            8         0.198
1962            9        -0.631
1962           10        -1.640
1962           11         1.418
1962           12         1.648
1963            1        -0.395
1963            2         0.136
1963            3        -0.807
1963            4         1.089
1963            5         0.338
1963            6         0.404
1963            7        -0.915
1963            8         0.892
1963            9        -0.618
1963           10        -0.461
1963           11         0.257
1963           12        -0.072
1964            1        -0.135
1964            2        -0.320
1964            3        -0.926
1964            4        -0.922
1964            5         0.111
1964            6        -0.716
1964            7        -0.113
1964            8        -0.196
1964            9        -0.254
1964           10         1.331
1964           11         1.212
1964           12         1.129
1965            1        -0.048
1965            2         0.591
1965            3         0.486
1965            4         0.780
1965            5         0.353
1965            6         1.778
1965            7         1.587
1965            8         0.120
1965            9        -1.418
1965           10        -2.673
1965           11         0.616
1965           12        -0.946
1966            1        -1.752
1966            2        -1.518
1966            3        -1.570
1966            4         0.359
1966            5         0.980
1966            6        -1.024
1966            7         0.381
1966            8        -0.032
1966            9        -0.788
1966           10        -1.113
1966           11         0.622
1966           12         0.186
1967            1         0.557
1967            2        -0.811
1967            3        -1.289
1967            4         0.343
1967            5         0.347
1967            6        -1.923
1967            7        -0.914
1967            8        -1.494
1967            9        -0.895
1967           10        -0.046
1967           11         0.181
1967           12         0.989
1968            1        -0.387
1968            2         1.509
1968            3        -2.392
1968            4         0.502
1968            5         0.303
1968            6        -1.306
1968            7        -0.906
1968            8         0.515
1968            9         0.839
1968           10        -0.667
1968           11         1.481
1968           12         0.206
1969            1         0.049
1969            2        -2.198
1969            3        -1.000
1969            4        -0.618
1969            5         1.393
1969            6        -0.296
1969            7         1.212
1969            8        -0.472
1969            9        -0.936
1969           10        -0.339
1969           11        -1.487
1969           12        -0.554
1970            1        -1.009
1970            2        -0.959
1970            3        -0.348
1970            4         0.872
1970            5        -0.908
1970            6        -1.705
1970            7        -0.187
1970            8        -0.770
1970            9        -0.995
1970           10        -0.058
1970           11        -1.328
1970           12        -0.368
1971            1        -0.538
1971            2        -1.082
1971            3        -0.502
1971            4        -1.461
1971            5         0.799
1971            6        -1.645
1971            7         0.630
1971            8        -1.719
1971            9        -0.799
1971           10         1.110
1971           11         0.116
1971           12        -0.421
1972            1         1.988
1972            2         1.108
1972            3        -0.620
1972            4         0.222
1972            5         1.250
1972            6         2.401
1972            7        -1.472
1972            8         0.062
1972            9        -1.507
1972           10        -1.902
1972           11        -1.259
1972           12         0.234
1973            1        -1.486
1973            2        -1.382
1973            3        -0.913
1973            4         0.610
1973            5         0.810
1973            6        -1.552
1973            7        -0.474
1973            8        -1.747
1973            9        -1.258
1973           10        -1.326
1973           11         0.758
1973           12        -0.713
1974            1        -0.249
1974            2        -1.727
1974            3        -0.828
1974            4        -0.662
1974            5         0.590
1974            6        -0.890
1974            7        -0.781
1974            8        -0.019
1974            9        -0.886
1974           10        -1.638
1974           11        -1.730
1974           12        -0.050
1975            1        -0.229
1975            2         0.420
1975            3        -0.728
1975            4         0.723
1975            5         0.301
1975            6         1.032
1975            7         0.292
1975            8        -1.338
1975            9        -1.181
1975           10        -0.384
1975           11         1.106
1975           12         0.822
1976            1         0.492
1976            2        -0.344
1976            3        -1.013
1976            4        -0.626
1976            5         1.552
1976            6         0.409
1976            7         0.878
1976            8        -0.462
1976            9         0.515
1976           10         3.121
1976           11         0.554
1976           12         2.246
1977            1         0.845
1977            2        -0.682
1977            3        -0.098
1977            4         1.089
1977            5         0.774
1977            6         0.098
1977            7        -1.774
1977            8        -1.122
1977            9         1.294
1977           10         1.271
1977           11         0.222
1977           12         0.114
1978            1         0.032
1978            2         0.521
1978            3        -0.206
1978            4         1.555
1978            5         0.548
1978            6        -0.166
1978            7         1.726
1978            8        -1.222
1978            9         0.089
1978           10         2.277
1978           11         2.041
1978           12        -0.218
1979            1         0.803
1979            2         0.158
1979            3        -0.500
1979            4         2.433
1979            5         0.802
1979            6        -1.269
1979            7         2.245
1979            8         1.471
1979            9        -1.095
1979           10        -1.213
1979           11         2.202
1979           12         1.006
1980            1         0.234
1980            2         0.814
1980            3        -0.004
1980            4         1.416
1980            5         0.211
1980            6         0.968
1980            7         0.389
1980            8         0.358
1980            9         0.157
1980           10        -1.107
1980           11         1.128
1980           12         1.560
1981            1        -0.656
1981            2        -1.409
1981            3         0.525
1981            4         1.122
1981            5         1.402
1981            6        -0.797
1981            7        -0.046
1981            8         0.085
1981            9         0.487
1981           10         0.282
1981           11        -1.522
1981           12        -0.852
1982            1         0.486
1982            2        -1.280
1982            3        -0.937
1982            4         1.578
1982            5         0.591
1982            6         0.007
1982            7         0.636
1982            8         0.307
1982            9         0.848
1982           10         0.473
1982           11        -1.150
1982           12        -0.229
1983            1         1.395
1983            2         0.478
1983            3        -0.904
1983            4        -0.613
1983            5        -1.350
1983            6        -1.026
1983            7        -1.483
1983            8        -0.214
1983            9        -0.386
1983           10        -0.054
1983           11        -0.003
1983           12         1.576
1984            1         1.850
1984            2        -0.355
1984            3        -0.101
1984            4         0.448
1984            5        -0.811
1984            6        -0.574
1984            7        -0.108
1984            8        -0.997
1984            9         1.589
1984           10         1.640
1984           11        -0.730
1984           12        -1.312
1985            1         1.218
1985            2        -0.890
1985            3        -0.761
1985            4        -1.537
1985            5         0.035
1985            6         1.452
1985            7         0.498
1985            8        -1.291
1985            9        -0.249
1985           10         1.539
1985           11         0.246
1985           12        -0.021
1986            1        -0.442
1986            2         0.755
1986            3        -0.746
1986            4         0.248
1986            5         0.984
1986            6        -0.103
1986            7         1.875
1986            8         0.230
1986            9         0.677
1986           10         1.830
1986           11        -0.144
1986           12        -1.503
1987            1        -0.967
1987            2         0.906
1987            3         1.762
1987            4        -1.204
1987            5        -1.337
1987            6         0.286
1987            7         2.517
1987            8         0.593
1987            9         1.478
1987           10         0.102
1987           11        -0.092
1987           12        -0.949
1988            1        -0.180
1988            2         0.001
1988            3        -0.058
1988            4        -0.006
1988            5        -0.185
1988            6        -0.454
1988            7        -0.050
1988            8         0.039
1988            9        -1.631
1988           10        -0.663
1988           11         0.301
1988           12         0.738
1989            1         0.170
1989            2         1.598
1989            3         0.139
1989            4         0.165
1989            5         0.189
1989            6         0.061
1989            7         0.381
1989            8         0.273
1989            9        -0.672
1989           10        -1.439
1989           11         0.341
1989           12         1.413
1990            1        -0.709
1990            2         0.950
1990            3        -0.694
1990            4         1.264
1990            5        -0.954
1990            6         0.322
1990            7        -0.016
1990            8         0.793
1990            9         0.345
1990           10        -1.310
1990           11        -1.472
1990           12         0.271
1991            1         0.390
1991            2        -0.771
1991            3         1.681
1991            4         0.494
1991            5         2.121
1991            6         1.620
1991            7        -0.715
1991            8        -1.860
1991            9         0.550
1991           10         0.057
1991           11         0.763
1991           12         1.068
1992            1         0.126
1992            2        -0.033
1992            3         1.697
1992            4         0.276
1992            5         0.220
1992            6        -0.154
1992            7        -0.922
1992            8         0.474
1992            9         0.136
1992           10        -0.890
1992           11         2.853
1992           12         1.180
1993            1         2.320
1993            2         1.328
1993            3         2.274
1993            4         1.484
1993            5        -0.343
1993            6        -0.086
1993            7        -0.700
1993            8         0.947
1993            9         0.543
1993           10         1.666
1993           11        -0.249
1993           12        -0.088
1994            1         0.730
1994            2        -1.249
1994            3         2.183
1994            4         1.332
1994            5         0.838
1994            6         0.404
1994            7         0.054
1994            8        -1.621
1994            9         2.722
1994           10         0.920
1994           11        -0.708
1994           12         0.138
1995            1        -0.198
1995            2         0.377
1995            3         0.024
1995            4        -0.187
1995            5         0.054
1995            6         1.298
1995            7        -0.011
1995            8         0.013
1995            9        -0.105
1995           10         0.825
1995           11        -0.429
1995           12         1.636
1996            1        -0.660
1996            2        -0.862
1996            3        -0.815
1996            4        -1.276
1996            5         0.262
1996            6         0.313
1996            7         0.810
1996            8         0.363
1996            9        -0.859
1996           10        -0.626
1996           11         1.613
1996           12        -0.792
1997            1        -0.501
1997            2        -0.914
1997            3         0.631
1997            4         1.995
1997            5         1.185
1997            6         0.246
1997            7         0.852
1997            8         1.472
1997            9         0.173
1997           10        -0.923
1997           11         0.295
1997           12        -1.578
1998            1        -1.633
1998            2         0.306
1998            3        -0.771
1998            4        -0.336
1998            5         1.124
1998            6        -0.930
1998            7        -1.132
1998            8        -1.475
1998            9         0.371
1998           10        -0.279
1998           11        -0.264
1998           12        -0.088
1999            1        -0.235
1999            2         0.449
1999            3        -0.589
1999            4         0.878
1999            5         0.217
1999            6         0.547
1999            7        -0.427
1999            8         2.377
1999            9         0.112
1999           10        -0.197
1999           11         0.614
1999           12         1.583
2000            1         1.322
2000            2         1.011
2000            3        -0.856
2000            4        -0.814
2000            5        -0.579
2000            6         0.066
2000            7        -1.233
2000            8         0.375
2000            9         0.729
2000           10         1.516
2000           11         1.202
2000           12         0.722
2001            1         0.394
2001            2        -1.009
2001            3         0.021
2001            4        -1.490
2001            5        -1.169
2001            6        -1.932
2001            7         1.235
2001            8        -0.296
2001            9        -0.970
2001           10        -0.090
2001           11        -1.771
2001           12        -0.557
2002            1        -0.131
2002            2         0.707
2002            3        -0.050
2002            4        -1.875
2002            5         0.546
2002            6        -1.166
2002            7        -0.053
2002            8         0.555
2002            9        -0.562
2002           10         0.352
2002           11        -0.552
2002           12        -0.743
2003            1        -0.862
2003            2        -1.552
2003            3         0.309
2003            4        -0.127
2003            5        -0.723
2003            6         1.007
2003            7        -1.321
2003            8         0.914
2003            9        -0.050
2003           10         0.618
2003           11         1.516
2003           12        -1.978
2004            1        -0.116
2004            2         0.130
2004            3         0.070
2004            4        -1.064
2004            5        -0.561
2004            6        -0.811
2004            7         0.183
2004            8         0.496
2004            9         0.740
2004           10        -1.709
2004           11         0.497
2004           12         0.072
2005            1        -1.286
2005            2         0.050
2005            3         0.174
2005            4         0.362
2005            5        -0.930
2005            6         1.963
2005            7         0.026
2005            8         0.853
2005            9        -1.363
2005           10        -1.491
2005           11         1.090
2005           12         1.276
2006            1         0.267
2006            2         1.445
2006            3        -1.043
2006            4        -0.345
2006            5         1.211
2006            6         1.159
2006            7         0.937
2006            8        -0.407
2006            9        -0.110
2006           10        -0.631
2006           11        -0.805
2006           12         0.247
2007            1        -0.467
2007            2         0.104
2007            3        -1.470
2007            4        -0.150
2007            5        -1.715
2007            6        -1.120
2007            7        -0.962
2007            8        -2.467
2007            9        -1.409
2007           10         0.475
2007           11        -0.807
2007           12        -0.457
2008            1         0.414
2008            2         1.886
2008            3        -0.113
2008            4         0.385
2008            5         1.499
2008            6        -1.002
2008            7         1.476
2008            8        -0.297
2008            9        -1.015
2008           10        -0.801
2008           11        -0.893
2008           12         0.550
2009            1         0.460
2009            2        -0.212
2009            3        -0.442
2009            4         0.162
2009            5        -0.106
2009            6         1.321
2009            7        -0.450
2009            8        -0.256
2009            9        -2.062
2009           10        -0.023
2009           11         0.212
2009           12        -0.647
2010            1        -2.500
2010            2        -1.944
2010            3        -1.142
2010            4        -1.168
2010            5        -1.717
2010            6        -1.917
2010            7        -1.850
2010            8         0.020
2010            9        -0.056
2010           10        -1.169
2010           11         0.049
2010           12        -0.672
2011            1        -0.650
2011            2         0.000
2011            3        -0.768
2011            4        -0.767
2011            5        -1.267
2011            6        -1.661
2011            7        -0.892
2011            8         0.087
2011            9         0.832
2011           10        -1.557
2011           11         0.948
2011           12         0.320
2012            1         1.295
2012            2         2.956
2012            3        -0.594
2012            4        -1.516
2012            5         0.920
2012            6         0.005
2012            7        -1.839
2012            8        -0.551
2012            9        -1.136
2012           10        -0.462
2012           11         0.978
2012           12        -0.726
2013            1        -0.115
2013            2         0.603
2013            3        -0.452
2013            4         0.714
2013            5        -0.739
2013            6        -1.586
2013            7        -1.549
2013            8        -0.613
2013            9        -0.127
2013           10         0.045
2013           11        -1.911
2013           12        -0.268
2014            1        -0.272
2014            2        -1.228
2014            3        -0.792
2014            4        -1.811
2014            5        -0.424
2014            6        -1.366
2014            7         0.597
2014            8         1.476
2014            9        -0.865
2014           10         0.540
2014           11        -0.961
2014           12        -0.701
2015            1         0.014
2015            2        -0.585
2015            3         0.266
2015            4         1.242
2015            5        -0.009
2015            6        -1.493
2015            7        -0.432
2015            8         0.997
2015            9         0.233
2015           10        -0.573
2015           11        -2.644
2015           12        -0.217
2016            1        -0.291
2016            2        -2.005
2016            3        -1.074
2016            4        -0.489
2016            5         1.161
2016            6        -2.364
2016            7         1.221
2016            8         0.077
2016            9         0.281
2016           10         1.127
2016           11         1.215
2016           12         0.449
2017            1         0.958
2017            2         0.993
2017            3        -1.007
2017            4        -1.221
2017            5        -1.241
2017            6        -0.917
2017            7        -0.657
2017            8        -0.763
2017            9        -0.334
2017           10        -0.867
2017           11        -0.156
2017           12         0.781
2018            1        -0.113
2018            2        -0.495
2018            3        -1.622
2018            4        -0.521
2018            5         0.614
2018            6        -1.540
2018            7        -0.792
2018            8        -0.468
2018            9        -1.062
2018           10        -0.687
2018           11         0.364
2018           12        -1.493
2019            1        -1.256
2019            2         0.148
2019            3        -1.680
2019            4        -1.085
2019            5        -0.922
2019            6        -1.783
2019            7        -2.207
2019            8         0.598
2019            9        -0.326
2019           10        -0.324
2019           11         0.301
2019           12        -1.465
